"cod_mun";"pop_tcu";"pop_ans";"pop_sus"
110001;22945;1386;21559
110002;107863;7345;100518
110003;5312;174;5138
110004;85359;8313;77046
110005;16323;729;15594
110006;15882;1137;14745
110007;7391;90;7301
110008;18331;220;18111
110009;32374;1328;31046
110010;46174;2106;44068
110011;51775;2730;49045
110012;128969;13912;115057
110013;39991;612;39379
110014;20474;411;20063
110015;36035;2794;33241
110018;36660;3369;33291
110020;529544;81512;448032
110025;18986;1177;17809
110026;3764;68;3696
110028;55058;2842;52216
110029;6495;204;6291
110030;99854;10742;89112
110032;23005;510;22495
110033;30583;331;30252
110034;14411;570;13841
110037;13241;120;13121
110040;21428;256;21172
110045;39654;721;38933
110050;8538;135;8403
110060;6230;112;6118
110070;14139;70;14069
110080;26693;540;26153
110090;3052;44;3008
110092;11182;161;11021
110094;25215;160;25055
110100;7767;58;7709
110110;10458;417;10041
110120;9660;163;9497
110130;10947;206;10741
110140;15852;173;15679
110143;6970;56;6914
110145;6074;48;6026
110146;2169;28;2141
110147;2856;102;2754
110148;5172;157;5015
110149;20266;234;20032
110150;11856;173;11683
110155;4308;90;4218
110160;10444;110;10334
110170;11467;271;11196
110175;11204;72;11132
110180;6825;88;6737
120001;15256;176;15080
120005;7417;63;7354
120010;26278;247;26031
120013;10266;126;10140
120017;11733;40;11693
120020;88376;1165;87211
120025;18411;194;18217
120030;34780;220;34560
120032;8317;15;8302
120033;18977;34;18943
120034;9459;37;9422
120035;18867;20;18847
120038;19761;133;19628
120039;11982;12;11970
120040;407319;38762;368557
120042;18930;20;18910
120043;6540;20;6520
120045;23024;327;22697
120050;45848;287;45561
120060;42567;283;42284
120070;19323;171;19152
120080;18504;85;18419
130002;16041;58;15983
130006;11536;25;11511
130008;13614;57;13557
130010;21010;35;20975
130014;21973;85;21888
130020;19921;35;19886
130030;39565;96;39469
130040;27502;66;27436
130050;32041;22;32019
130060;42984;140;42844
130063;19679;64;19615
130068;19207;30;19177
130070;34308;120;34188
130080;41161;92;41069
130083;13081;57;13024
130090;15629;67;15562
130100;28294;275;28019
130110;37869;103;37766
130115;30225;30;30195
130120;85097;490;84607
130130;28637;133;28504
130140;35273;123;35150
130150;20033;46;19987
130160;17609;65;17544
130165;16678;13;16665
130170;55080;653;54427
130180;29689;64;29625
130185;48296;657;47639
130190;101337;2786;98551
130195;7851;11;7840
130200;9148;57;9091
130210;2755;45;2710
130220;14712;29;14683
130230;14317;66;14251
130240;46069;170;45899
130250;97377;663;96714
130255;32105;63;32042
130260;2182763;511680;1671083
130270;55751;111;55640
130280;18224;24;18200
130290;63905;369;63536
130300;21173;25;21148
130310;37378;58;37320
130320;19454;93;19361
130330;25644;62;25582
130340;114273;679;113594
130350;19426;38;19388
130353;36279;756;35523
130356;33347;172;33175
130360;25156;16;25140
130370;21602;35;21567
130380;45564;172;45392
130390;39299;100;39199
130395;14020;10;14010
130400;9171;25;9146
130406;65844;345;65499
130410;17156;32;17124
130420;59849;686;59163
130423;18755;43;18712
130426;13540;46;13494
130430;16256;86;16170
130440;23065;24;23041
140002;12796;44;12752
140005;15510;18;15492
140070;9309;4654;4655
140010;399213;27659;371554
140015;12409;30;12379
140017;18335;75;18260
140020;21926;125;21801
140023;10169;13;10156
140028;11950;24;11926
140030;17853;82;17771
140040;11290;20;11270
140045;17401;78;17323
140047;30163;146;30017
140050;8201;38;8163
140060;7986;45;7941
150010;157698;6620;151078
150013;7434;66;7368
150020;55591;243;55348
150030;39218;87;39131
150034;27430;48;27382
150040;56789;467;56322
150050;34109;2104;32005
150060;114594;5159;109435
150070;29277;98;29179
150080;530598;90939;439659
150085;27890;151;27739
150090;45998;105;45893
150095;31338;165;31173
150100;16388;63;16325
150110;30673;45;30628
150120;47446;87;47359
150125;3286;13;3273
150130;124680;15147;109533
150140;1492745;403287;1089458
150145;17732;192;17540
150150;62737;4184;58553
150157;16981;119;16862
150160;16286;195;16091
150170;127686;1658;126028
150172;15086;114;14972
150175;7380;44;7336
150178;66046;1462;64584
150180;102701;783;101918
150190;29132;102;29030
150195;33900;47;33853
150200;23767;82;23685
150210;137890;850;137040
150215;37085;19082;18003
150220;69027;3521;65506
150230;54303;721;53582
150240;200793;14341;186452
150250;23717;38;23679
150260;12085;45;12040
150270;47864;1040;46824
150275;33318;293;33025
150276;13473;5;13468
150277;17929;2049;15880
150280;34448;82;34366
150285;14393;43;14350
150290;40066;127;39939
150293;59719;1106;58613
150295;33808;217;33591
150300;7194;54;7140
150304;20304;48;20256
150307;26066;67;25999
150309;40475;119;40356
150310;33376;60;33316
150320;38807;615;38192
150330;62698;497;62201
150340;11711;87;11624
150345;64053;257;63796
150350;32550;469;32081
150360;101247;5559;95688
150370;53269;286;52983
150375;8239;53;8186
150380;59155;466;58689
150390;57943;1525;56418
150400;28935;46;28889
150405;30077;758;29319
150410;8548;36;8512
150420;279349;32250;247099
150430;29473;83;29390
150440;28336;113;28223
150442;131521;6637;124884
150445;31597;154;31443
150450;27654;13;27641
150460;31136;172;30964
150470;82094;808;81286
150475;32000;16000;16000
150480;58032;558;57474
150490;40349;163;40186
150495;21368;50;21318
150497;16678;47;16631
150500;15363;121;15242
150503;25762;377;25385
150506;75919;201;75718
150510;52137;487;51650
150520;32512;117;32395
150530;73096;5276;67820
150540;17842;92;17750
150543;32832;3063;29769
150548;47706;111;47595
150549;7589;9;7580
150550;113145;7268;105877
150553;208273;74970;133303
150555;5483;7;5476
150560;8077;55;8022
150563;12981;22;12959
150565;30982;20;30962
150570;31082;156;30926
150580;62043;193;61850
150590;41135;101;41034
150600;29866;62;29804
150610;10825;208;10617
150611;13608;78;13530
150613;84787;3617;81170
150616;18193;701;17492
150618;52357;1415;50942
150619;50510;140;50370
150620;40675;604;40071
150630;23752;172;23580
150635;21079;544;20535
150640;10128;43;10085
150650;70801;1893;68908
150655;19848;88;19760
150658;21449;66;21383
150660;24861;403;24458
150670;72817;624;72193
150680;304589;31103;273486
150690;6709;31;6678
150700;31482;390;31092
150710;18050;92;17958
150715;25557;239;25318
150720;31989;228;31761
150730;128481;383;128098
150740;15882;136;15746
150745;24847;194;24653
150746;6139;16;6123
150747;23045;68;22977
150750;13996;72;13924
150760;58986;693;58293
150770;26640;86;26554
150775;5930;1698;4232
150780;11658;99;11559
150790;25374;255;25119
150795;106339;1260;105079
150796;11720;37;11683
150797;18769;179;18590
150800;63447;1621;61826
150803;30959;74;30885
150805;18989;66;18923
150808;39602;1338;38264
150810;113659;4440;109219
150812;59210;408;58802
150815;45476;308;45168
150820;53686;553;53133
150830;61403;145;61258
150835;15134;270;14864
150840;44751;2374;42377
160005;5397;814;4583
160010;9109;1104;8005
160015;16502;161;16341
160020;11117;90;11027
160021;5983;6;5977
160023;7780;112;7668
160025;5503;8;5495
160027;50410;887;49523
160030;503327;53459;449868
160040;21632;94;21538
160050;27270;283;26987
160053;21971;1018;20953
160055;5120;6;5114
160060;121364;6176;115188
160070;17315;239;17076
160080;15931;497;15434
170025;2579;21;2558
170030;6733;82;6651
170035;5390;130;5260
170040;7055;91;6964
170070;8412;674;7738
170100;9549;147;9402
170105;3433;35;3398
170110;4795;77;4718
170130;5758;17;5741
170190;7086;72;7014
170200;8517;256;8261
170210;180470;15554;164916
170215;5729;33;5696
170220;35761;1373;34388
170230;6643;105;6538
170240;10567;538;10029
170255;18412;415;17997
170270;3757;51;3706
170290;9756;188;9568
170300;10664;81;10583
170305;3553;128;3425
170307;4591;11;4580
170310;5632;55;5577
170320;4459;30;4429
170330;4894;340;4554
170360;2201;8;2193
170370;5497;57;5440
170380;11348;84;11264
170382;2275;289;1986
170384;10116;129;9987
170386;4382;125;4257
170388;2580;26;2554
170389;4095;14;4081
170390;5369;60;5309
170410;2905;72;2833
170460;1197;598;599
170510;3333;4;3329
170550;35424;1682;33742
170555;4852;79;4773
170560;4105;34;4071
170600;5588;31;5557
170610;7289;136;7153
170625;1722;15;1707
170650;6097;67;6030
170700;22139;1028;21111
170710;6900;89;6811
170720;7198;43;7155
170730;4686;80;4606
170740;10996;30;10966
170755;3835;59;3776
170765;5263;219;5044
170770;8856;61;8795
170820;18440;924;17516
170825;2589;44;2545
170830;5123;31;5092
170900;13019;87;12932
170930;25923;1330;24593
170950;86647;10969;75678
170980;2015;8;2007
171050;7433;85;7348
171070;5864;48;5816
171090;3777;29;3748
171110;2427;20;2407
171150;3849;52;3797
171180;2193;15;2178
171190;13357;293;13064
171195;4316;8;4308
171200;3134;78;3056
171215;1923;17;1906
171240;3740;33;3707
171245;3108;31;3077
171250;5175;49;5126
171270;2684;9;2675
171280;3426;5;3421
171320;18248;835;17413
171330;13434;368;13066
171360;7947;66;7881
171370;2279;3;2276
171380;6658;19;6639
171395;3551;13;3538
171420;9244;287;8957
171430;3898;52;3846
171488;11819;135;11684
171500;4260;78;4182
171510;4342;49;4293
171515;2332;48;2284
171525;2722;21;2701
171550;1112;21;1091
171570;6026;54;5972
171575;7659;216;7443
171610;51252;3186;48066
171620;10449;99;10350
171630;4849;34;4815
171650;13578;1840;11738
171660;11749;230;11519
171665;5477;67;5410
171670;8205;173;8032
171700;4447;39;4408
171720;3028;30;2998
171750;7654;65;7589
171780;4596;79;4517
171790;8039;63;7976
171800;3139;47;3092
171820;53010;3485;49525
171830;8432;41;8391
171840;3684;54;3630
171845;2688;9;2679
171850;4293;30;4263
171855;4645;55;4590
171865;2130;25;2105
171870;2834;5;2829
171875;6478;38;6440
171880;4711;36;4675
171884;3375;36;3339
171886;7512;95;7417
171888;3434;19;3415
171889;2365;9;2356
171890;4829;47;4782
171900;2866;28;2838
172000;2529;19;2510
172010;5324;29;5295
172015;1585;15;1570
172020;12139;178;11961
172025;3082;33;3049
172030;4805;46;4759
172049;3960;86;3874
172065;5403;95;5308
172080;9029;204;8825
172085;1966;19;1947
172090;16683;752;15931
172093;2148;5;2143
172097;2793;83;2710
172100;299127;51212;247915
172110;7545;72;7473
172120;22870;798;22072
172125;1891;143;1748
172130;2671;11;2660
172208;11683;92;11591
172210;11540;748;10792
210005;112445;10692;101753
210010;6524;50;6474
210015;12571;13;12558
210020;22097;109;21988
210030;26532;577;25955
210040;8128;16;8112
210043;27053;54;26999
210047;31919;189;31730
210050;11190;255;10935
210055;6962;11;6951
210060;41435;228;41207
210070;26803;141;26662
210080;15732;85;15647
210083;17239;21;17218
210087;15426;10;15416
210090;46440;109;46331
210095;32701;65;32636
210100;29848;503;29345
210110;12130;62;12068
210120;104949;4159;100790
210125;17055;723;16332
210130;18582;63;18519
210135;5644;6;5638
210140;94887;6020;88867
210150;18820;503;18317
210160;88212;1095;87117
210170;62528;697;61831
210173;7469;3;7466
210177;11209;35;11174
210180;5632;79;5553
210190;21280;119;21161
210193;6043;8;6035
210197;9287;10;9277
210200;41630;152;41478
210203;34028;260;33768
210207;16294;86;16208
210210;36397;298;36099
210215;9188;15;9173
210220;28678;254;28424
210230;23884;160;23724
210232;72358;758;71600
210235;15430;62;15368
210237;9431;11;9420
210240;11177;28;11149
210250;19379;20;19359
210255;14374;194;14180
210260;20178;72;20106
210270;21995;54;21941
210275;10934;46;10888
210280;24322;524;23798
210290;23807;109;23698
210300;164880;10581;154299
210310;10675;42;10633
210312;8673;12;8661
210315;13458;9;13449
210317;21622;155;21467
210320;79675;1426;78249
210325;14697;306;14391
210330;122859;2635;120224
210340;49435;3850;45585
210350;41178;454;40724
210355;16237;12;16225
210360;65296;496;64800
210370;32695;200;32495
210375;12908;444;12464
210380;23350;353;22997
210390;11349;181;11168
210400;17241;190;17051
210405;41946;612;41334
210407;8504;14;8490
210408;9932;4966;4966
210409;19089;62;19027
210410;12631;218;12413
210420;15552;80;15472
210430;11819;1673;10146
210440;17934;99;17835
210450;10840;61;10779
210455;18296;333;17963
210460;16828;126;16702
210462;7807;28;7779
210465;10180;21;10159
210467;25577;179;25398
210470;6262;25;6237
210480;69527;613;68914
210490;12030;73;11957
210500;28717;79;28638
210510;27113;54;27059
210515;14177;43;14134
210520;11320;84;11236
210530;258682;41220;217462
210535;16057;26;16031
210540;68203;1116;67087
210542;26000;184;25816
210545;10153;15;10138
210547;16515;12;16503
210550;23632;888;22744
210560;16168;50;16118
210565;3432;6;3426
210570;50266;287;49979
210580;10840;43;10797
210590;16257;20;16237
210592;11250;44;11206
210594;8873;24;8849
210596;11394;4;11390
210598;7550;30;7520
210600;11893;121;11772
210610;12157;134;12023
210620;6951;14;6937
210630;19826;105;19721
210632;21395;85;21310
210635;7792;1;7791
210637;16265;30;16235
210640;16829;45;16784
210650;23370;121;23249
210660;33782;637;33145
210663;16745;9;16736
210667;8464;14;8450
210670;21015;99;20916
210675;28381;226;28155
210680;14962;72;14890
210690;33434;59;33375
210700;9160;168;8992
210710;19433;72;19361
210720;14454;60;14394
210725;5384;24;5360
210730;4683;25;4658
210735;20928;43;20885
210740;19505;166;19339
210745;14701;36;14665
210750;122197;10502;111695
210760;19722;75;19647
210770;21386;158;21228
210780;34907;858;34049
210790;19019;193;18826
210800;19472;141;19331
210805;16035;66;15969
210810;21040;101;20939
210820;39229;1875;37354
210825;25144;5;25139
210830;38470;89;38381
210840;14318;47;14271
210845;23196;92;23104
210850;32941;298;32643
210860;83387;1571;81816
210870;21485;74;21411
210880;18625;89;18536
210890;17873;145;17728
210900;23885;1271;22614
210905;5975;9;5966
210910;47804;1272;46532
210920;12734;32;12702
210923;7015;27;6988
210927;18918;20;18898
210930;11193;44;11149
210940;15315;28;15287
210945;30761;1071;29690
210950;20195;142;20053
210955;7791;90;7701
210960;42740;1006;41734
210970;5671;58;5613
210975;7773;5;7768
210980;42130;176;41954
210990;89044;2519;86525
211000;72667;366;72301
211003;25254;142;25112
211010;25642;75;25567
211020;37855;621;37234
211023;13386;5;13381
211027;15846;10;15836
211030;14528;154;14374
211040;18663;42;18621
211050;45211;285;44926
211060;28507;761;27746
211065;7392;83;7309
211070;34376;184;34192
211080;4585;32;4553
211085;11798;115;11683
211090;12210;51;12159
211100;20665;90;20575
211102;15808;16;15792
211105;11177;44;11133
211107;18543;52;18491
211110;25929;908;25021
211120;177687;16797;160890
211125;7641;16;7625
211130;1101884;301641;800243
211140;18856;105;18751
211150;41529;258;41271
211153;12690;656;12034
211157;4668;7;4661
211160;18868;393;18475
211163;5237;10;5227
211167;6719;13;6706
211170;22247;82;22165
211172;13914;14;13900
211174;11141;39;11102
211176;14293;428;13865
211178;10924;5462;5462
211180;18081;70;18011
211190;10636;43;10593
211195;5660;12;5648
211200;8521;510;8011
211210;29124;70;29054
211220;169107;17844;151263
211223;21998;543;21455
211227;5840;7;5833
211230;41832;234;41598
211240;35604;57;35547
211245;25619;27;25592
211250;58860;481;58379
211260;33122;166;32956
211270;56510;171;56339
211280;52441;495;51946
211285;13392;277;13115
211290;32764;451;32313
211300;31523;212;31311
211400;51714;384;51330
220005;7084;68;7016
220010;5139;53;5086
220020;17411;855;16556
220025;7651;19;7632
220027;4915;29;4886
220030;14304;209;14095
220040;40524;2365;38159
220045;5419;110;5309
220050;17598;286;17312
220060;6788;241;6547
220070;9880;43;9837
220080;3164;163;3001
220090;5835;52;5783
220095;2551;2;2549
220100;4727;48;4679
220105;7846;16;7830
220110;11289;82;11207
220115;11586;436;11150
220117;3951;23;3928
220120;47066;1043;46023
220130;3348;59;3289
220140;7032;128;6904
220150;26857;256;26601
220155;4015;112;3903
220157;3566;26;3540
220160;10467;184;10283
220170;5501;106;5395
220173;6205;24;6181
220177;6781;148;6633
220180;4500;69;4431
220190;25179;1659;23520
220191;5630;26;5604
220192;5670;26;5644
220194;6407;143;6264
220196;8329;155;8174
220198;3875;6;3869
220200;19781;201;19580
220202;8244;27;8217
220205;10586;107;10479
220207;3559;5;3554
220208;7642;48;7594
220209;5776;146;5630
220210;5613;36;5577
220211;5045;47;4998
220213;5943;67;5876
220217;7279;12;7267
220220;46833;3302;43531
220225;3950;5;3945
220230;21187;570;20617
220240;11417;206;11211
220245;4100;11;4089
220250;10916;298;10618
220253;5868;7;5861
220255;5067;17;5050
220260;19716;370;19346
220265;5424;15;5409
220270;27787;196;27591
220271;4891;54;4837
220272;6153;17;6136
220273;4020;29;3991
220275;6484;129;6355
220277;7656;29;7627
220280;4803;79;4724
220285;4682;15;4667
220290;26644;458;26186
220300;8294;63;8231
220310;10423;216;10207
220320;11388;108;11280
220323;4954;90;4864
220325;4443;1457;2986
220327;5343;20;5323
220330;13817;809;13008
220335;7011;55;6956
220340;6904;123;6781
220342;4355;31;4324
220345;9556;14;9542
220350;14602;243;14359
220360;4915;86;4829
220370;39737;908;38829
220375;5307;7;5300
220380;4463;49;4414
220385;2558;1;2557
220390;59935;6742;53193
220400;5348;48;5300
220410;4348;26;4322
220415;3184;16;3168
220420;9319;128;9191
220430;11625;299;11326
220435;5442;90;5352
220440;10690;234;10456
220450;10499;687;9812
220455;4562;20;4542
220460;3877;61;3816
220465;9426;69;9357
220470;15308;179;15129
220480;9811;119;9692
220490;8549;41;8508
220500;11530;83;11447
220510;11019;108;10911
220515;5741;5;5736
220520;19104;257;18847
220525;4504;37;4467
220527;4865;49;4816
220530;4452;45;4407
220535;3008;4;3004
220540;14354;99;14255
220545;5443;10;5433
220550;39208;1610;37598
220551;5478;30;5448
220552;5627;8;5619
220553;4763;4;4759
220554;2845;34;2811
220555;8542;71;8471
220556;4655;387;4268
220557;6758;13;6745
220558;4064;66;3998
220559;5177;11;5166
220560;5295;109;5186
220570;30311;369;29942
220580;25486;344;25142
220585;8310;15;8295
220590;5349;55;5294
220595;8492;261;8231
220600;4549;57;4492
220605;6441;7;6434
220610;10936;127;10809
220620;33760;616;33144
220630;1246;14;1232
220635;6613;9;6604
220640;10564;227;10337
220650;7749;37;7712
220660;10613;269;10344
220665;4532;4;4528
220667;6796;37;6759
220669;9159;55;9104
220670;7339;46;7293
220672;8570;402;8168
220675;4870;85;4785
220680;8692;55;8637
220690;6565;53;6512
220695;2991;48;2943
220700;37029;1353;35676
220710;2459;15;2444
220720;6868;62;6806
220730;4129;58;4071
220735;3389;13;3376
220740;5043;92;4951
220750;14539;270;14269
220755;3945;15;3930
220760;10791;35;10756
220770;153078;11939;141139
220775;4313;27;4286
220777;6392;43;6349
220779;4045;3;4042
220780;20523;824;19699
220785;3677;12;3665
220790;38742;632;38110
220793;2536;20;2516
220795;4374;52;4322
220800;78222;6255;71967
220810;12127;68;12059
220820;18425;283;18142
220830;28791;628;28163
220840;63742;2937;60805
220850;12568;115;12453
220855;2710;38;2672
220860;3151;47;3104
220865;8992;197;8795
220870;8778;45;8733
220880;17978;308;17670
220885;4312;6;4306
220887;4477;14;4463
220890;7341;152;7189
220900;6432;132;6300
220910;6240;68;6172
220915;4019;103;3916
220920;6253;173;6080
220930;5860;39;5821
220935;4634;38;4596
220937;5257;22;5235
220940;6415;59;6356
220945;2161;27;2134
220950;3798;45;3753
220955;4448;8;4440
220960;2942;78;2864
220965;5755;12;5743
220970;6423;32;6391
220975;3041;13;3028
220980;5015;130;4885
220985;4608;21;4587
220987;6042;16;6026
220990;6139;59;6080
220995;4840;10;4830
220997;7989;30;7959
221000;20601;874;19727
221005;5346;70;5276
221010;3745;26;3719
221020;6705;40;6665
221030;6363;59;6304
221035;4573;22;4551
221037;2644;6;2638
221038;2452;46;2406
221039;3039;12;3027
221040;17662;211;17451
221050;14291;218;14073
221060;34710;1193;33517
221062;3469;4;3465
221063;4294;595;3699
221065;10041;77;9964
221070;14633;268;14365
221080;12711;360;12351
221090;4569;26;4543
221093;6730;83;6647
221095;2919;7;2912
221097;2765;3;2762
221100;864845;251863;612982
221110;44485;1712;42773
221120;21558;1950;19608
221130;20918;811;20107
221135;4947;6;4941
221140;4391;139;4252
221150;3077;5;3072
221160;2971;1;2970
221170;4462;5;4457
230010;11737;259;11478
230015;14929;211;14718
230020;62641;1074;61567
230030;54270;585;53685
230040;17399;61;17338
230050;11714;159;11555
230060;7586;62;7524
230070;17146;247;16899
230075;43452;375;43077
230080;7353;65;7288
230090;14600;73;14527
230100;80271;8062;72209
230110;74547;3923;70624
230120;26469;217;26252
230125;10935;48;10887
230130;21600;214;21386
230140;11847;55;11792
230150;7840;44;7796
230160;23417;335;23082
230170;24654;259;24395
230180;6288;19;6269
230185;18197;252;17945
230190;60781;6248;54533
230195;22425;372;22053
230200;22680;245;22435
230205;15017;89;14928
230210;35750;1127;34623
230220;53573;1049;52524
230230;32591;284;32307
230240;54470;664;53806
230250;49477;2552;46925
230260;63661;1250;62411
230270;27426;831;26595
230280;76997;1935;75062
230290;17738;114;17624
230300;22547;158;22389
230310;18448;101;18347
230320;26965;484;26481
230330;18699;104;18595
230340;17606;85;17521
230350;71743;2176;69567
230360;20698;89;20609
230365;10342;23;10319
230370;361400;49655;311745
230380;25557;493;25064
230390;13069;40;13029
230393;13521;40;13481
230395;20264;483;19781
230400;23136;184;22952
230410;75074;3839;71235
230420;132123;17212;114911
230423;18063;43;18020
230425;24827;212;24615
230426;9625;42;9583
230427;7198;40;7158
230428;53618;21525;32093
230430;19450;216;19234
230435;24218;520;23698
230440;2669342;913100;1756242
230445;16480;369;16111
230450;14072;234;13838
230460;7618;38;7580
230465;14399;63;14336
230470;54748;427;54321
230480;4844;27;4817
230490;11068;1059;10009
230495;26064;576;25488
230500;40642;378;40264
230510;5193;51;5142
230520;19978;153;19825
230523;67337;4684;62653
230526;13353;54;13299
230530;24997;251;24746
230533;12525;62;12463
230535;19934;374;19560
230540;68018;1407;66611
230550;102498;7456;95042
230560;26178;420;25758
230565;11593;53;11540
230570;12463;120;12343
230580;41964;585;41379
230590;38166;294;37872
230600;14297;244;14053
230610;24156;135;24021
230620;7827;125;7702
230625;37980;5268;32712
230630;52675;875;51800
230640;129358;3832;125526
230650;20382;96;20286
230655;41826;317;41509
230660;21647;65;21582
230670;18162;184;17978
230680;11401;196;11205
230690;34682;1106;33576
230700;33705;514;33191
230710;27174;416;26758
230720;8111;132;7979
230725;19816;356;19460
230730;274207;37900;236307
230740;24833;250;24583
230750;31508;447;31061
230760;59540;4373;55167
230763;19691;131;19560
230765;227886;53674;174212
230770;128978;7362;121616
230780;27361;435;26926
230790;11233;52;11181
230800;38737;476;38261
230810;47962;633;47329
230820;15057;140;14917
230830;27512;863;26649
230835;13155;172;12983
230837;13818;47;13771
230840;35393;1195;34198
230850;43797;599;43198
230860;17234;101;17133
230870;61890;1768;60122
230880;8724;56;8668
230890;22534;189;22345
230900;14537;210;14327
230910;10823;88;10735
230920;15565;183;15382
230930;32328;791;31537
230940;28607;164;28443
230945;25703;132;25571
230950;21427;266;21161
230960;72203;6729;65474
230970;83432;5645;77787
230980;12261;124;12137
230990;6533;37;6496
231000;9386;58;9328
231010;13322;103;13219
231020;35076;1222;33854
231025;32744;671;32073
231030;31521;203;31318
231040;12226;58;12168
231050;43258;278;42980
231060;9077;94;8983
231070;37751;602;37149
231080;16307;2188;14119
231085;20567;944;19623
231090;16959;68;16891
231095;10951;19;10932
231100;12336;56;12280
231110;14996;221;14775
231120;11045;192;10853
231123;6419;46;6373
231126;21084;46;21038
231130;87728;3484;84244
231135;16178;96;16082
231140;81082;1641;79441
231150;22149;403;21746
231160;29053;1749;27304
231170;18491;200;18291
231180;78194;3237;74957
231190;15819;85;15734
231195;16554;29;16525
231200;32452;311;32141
231210;17700;167;17533
231220;43703;724;42979
231230;47903;820;47083
231240;48422;7318;41104
231250;7645;123;7522
231260;13000;111;12889
231270;25496;471;25025
231280;7623;24;7599
231290;208935;22790;186145
231300;18324;272;18052
231310;30697;1353;29344
231320;26251;155;26096
231325;8592;36;8556
231330;58859;1414;57445
231335;19187;44;19143
231340;75946;2181;73765
231350;55918;666;55252
231355;16271;67;16204
231360;34792;1115;33677
231370;7733;35;7698
231375;19825;93;19732
231380;21850;283;21567
231390;13840;87;13753
231395;18420;186;18234
231400;40721;624;40097
231410;60889;458;60431
240010;11136;484;10652
240020;58017;2883;55134
240030;11035;141;10894
240040;3252;15;3237
240050;13577;233;13344
240060;4735;48;4687
240070;14529;2150;12379
240080;11714;595;11119
240090;7145;38;7107
240100;35845;565;35280
240110;27774;2580;25194
240120;14306;750;13556
240130;9655;110;9545
240140;9271;213;9058
240145;28374;485;27889
240150;3998;61;3937
240160;5497;110;5387
240165;2223;6;2217
240170;10210;276;9934
240180;12699;404;12295
240185;6549;165;6384
240190;3684;32;3652
240200;67952;4597;63355
240210;11217;109;11108
240220;34276;953;33323
240230;20493;322;20171
240240;8180;152;8028
240250;10759;140;10619
240260;73497;3520;69977
240270;11179;179;11000
240280;5506;23;5483
240290;4912;27;4885
240300;7998;108;7890
240310;44786;2906;41880
240320;7076;30;7046
240325;261469;68064;193405
240330;5638;51;5587
240340;6045;58;5987
240350;10505;180;10325
240360;28583;3272;25311
240370;5985;69;5916
240375;3054;51;3003
240380;9116;165;8951
240390;2824;22;2802
240400;4068;36;4032
240410;2786;52;2734
240420;26328;2724;23604
240430;13037;92;12945
240440;10383;213;10170
240450;15659;1520;14139
240460;13766;78;13688
240470;15491;253;15238
240480;2241;21;2220
240485;7548;152;7396
240490;5878;57;5821
240500;9133;50;9083
240510;6878;121;6757
240520;5268;38;5230
240530;10181;83;10098
240540;5055;24;5031
240550;2612;29;2583
240560;14837;156;14681
240570;12396;326;12070
240580;34955;1580;33375
240590;2654;16;2638
240600;5951;40;5911
240610;18295;174;18121
240615;3898;12;3886
240620;6769;99;6670
240630;7544;78;7466
240640;2732;28;2704
240650;15614;198;15416
240660;8245;229;8016
240670;11277;140;11137
240680;4759;43;4716
240690;3996;59;3937
240700;10116;82;10034
240710;80792;4630;76162
240720;31814;2836;28978
240725;4020;32;3988
240730;8347;84;8263
240740;8725;150;8575
240750;12371;156;12215
240760;4601;18;4583
240770;11251;211;11040
240780;22451;627;21824
240790;2105;15;2090
240800;297378;56652;240726
240810;884122;298639;585483
240820;27602;664;26938
240830;37343;1119;36224
240840;4258;32;4226
240850;4812;95;4717
240860;4254;36;4218
240870;3768;62;3706
240880;5237;88;5149
240890;21477;573;20904
240895;10848;180;10668
240910;13277;74;13203
240920;3089;37;3052
240930;12755;136;12619
240933;5551;198;5353
240940;30394;1609;28785
240950;3237;97;3140
240960;2458;26;2432
240970;6716;159;6557
240980;14806;249;14557
240990;15129;297;14832
241000;3838;59;3779
241010;15413;128;15285
241020;7867;74;7793
241025;6437;62;6375
241030;10395;132;10263
241040;9621;71;9550
241050;5098;49;5049
241060;3201;18;3183
241070;3579;40;3539
241080;4204;10;4194
241090;8128;166;7962
241100;4467;19;4448
241105;4106;80;4026
241110;3600;14;3586
241120;39674;1637;38037
241140;12791;285;12506
241142;2680;38;2642
241150;24136;500;23636
241160;2747;84;2663
241170;4449;33;4416
241180;3584;43;3541
241190;4228;30;4198
241200;102400;11974;90426
241210;6193;96;6097
241220;43899;2248;41651
241230;12856;172;12684
241240;4634;100;4534
241250;23519;399;23120
241255;10282;246;10036
241260;17579;705;16874
241270;5971;581;5390
241280;8202;100;8102
241290;11055;229;10826
241300;6424;213;6211
241310;6086;83;6003
241320;4440;38;4402
241330;5762;68;5694
241335;11938;105;11833
241340;8078;123;7955
241350;6229;87;6142
241355;4800;62;4738
241360;2440;61;2379
241370;5522;43;5479
241380;2566;7;2559
241390;12279;122;12157
241400;15727;339;15388
241410;10786;140;10646
241415;5952;55;5897
241420;14180;997;13183
241430;2414;42;2372
241440;33287;934;32353
241445;3237;27;3210
241450;10555;151;10404
241460;14659;200;14459
241470;5500;160;5340
241475;4177;4;4173
241480;12481;270;12211
241490;1718;108;1610
241500;3170;43;3127
250010;10234;86;10148
250020;5640;25;5615
250030;28496;666;27830
250040;20849;624;20225
250050;14489;178;14311
250053;5492;33;5459
250057;2567;21;2546
250060;19588;877;18711
250070;18034;191;17843
250073;2238;119;2119
250077;8347;52;8295
250080;16987;152;16835
250090;13470;160;13310
250100;20312;202;20110
250110;22819;903;21916
250115;2128;1;2127
250120;6998;126;6872
250130;19153;293;18860
250135;3990;41;3949
250140;8993;106;8887
250150;21318;614;20704
250153;4892;15;4877
250157;8359;71;8288
250160;15384;203;15181
250170;6036;78;5958
250180;96880;6683;90197
250190;17676;548;17128
250200;7342;18;7324
250205;3501;4;3497
250210;5366;59;5307
250215;7051;352;6699
250220;2561;27;2534
250230;4975;249;4726
250240;11917;83;11834
250250;17804;723;17081
250260;6117;62;6055
250270;5263;34;5229
250280;14122;152;13970
250290;6449;58;6391
250300;21828;856;20972
250310;5611;71;5540
250320;67736;13428;54308
250330;10244;35;10209
250340;3682;32;3650
250350;17187;65;17122
250355;7173;13;7160
250360;7201;87;7114
250370;61993;2653;59340
250375;3193;4;3189
250380;6014;71;5943
250390;6013;50;5963
250400;409731;83451;326280
250403;6523;16;6507
250407;4162;46;4116
250410;2659;6;2653
250415;7468;24;7444
250420;4932;33;4899
250430;30546;791;29755
250435;4852;325;4527
250440;18982;200;18782
250450;6654;51;6603
250460;24670;1023;23647
250470;4786;42;4744
250480;15445;182;15263
250485;1921;7;1914
250490;17319;232;17087
250500;7797;58;7739
250510;20338;383;19955
250520;6803;88;6715
250523;6353;52;6301
250527;5227;13;5214
250530;2516;5;2511
250535;5330;18;5312
250540;8297;38;8259
250550;3798;23;3775
250560;6552;19;6533
250570;10453;66;10387
250580;3596;32;3564
250590;3522;19;3503
250600;33007;1183;31824
250610;11253;293;10960
250620;2989;44;2945
250625;8316;58;8258
250630;58833;3991;54842
250640;14129;118;14011
250650;3428;46;3382
250660;5929;40;5889
250670;11819;35;11784
250680;18103;324;17779
250690;24477;997;23480
250700;24692;525;24167
250710;18664;218;18446
250720;10962;259;10703
250730;14431;168;14263
250740;7739;146;7593
250750;809015;241086;567929
250760;7936;107;7829
250770;18171;295;17876
250780;7150;105;7045
250790;10756;147;10609
250800;9867;61;9806
250810;4666;41;4625
250820;7719;50;7669
250830;27503;1378;26125
250840;2737;11;2726
250850;7256;42;7214
250855;4332;23;4309
250860;13080;493;12587
250870;4009;25;3984
250880;5759;86;5673
250890;44882;1504;43378
250900;10955;27;10928
250905;8558;29;8529
250910;21837;270;21567
250915;6617;88;6529
250920;13918;246;13672
250930;8434;281;8153
250933;4500;19;4481
250937;2908;35;2873
250939;6569;25;6544
250940;13284;139;13145
250950;5669;170;5499
250960;4816;15;4801
250970;33222;908;32314
250980;9902;56;9846
250990;10454;43;10411
251000;7301;80;7221
251010;10638;120;10518
251020;5949;23;5926
251030;4906;74;4832
251040;6526;68;6458
251050;3932;55;3877
251060;3039;26;3013
251065;1771;12;1759
251070;2419;32;2387
251080;107605;6332;101273
251090;12347;2148;10199
251100;3801;24;3777
251110;7843;42;7801
251120;28458;887;27571
251130;16075;272;15803
251140;18703;359;18344
251150;11917;159;11758
251160;6635;95;6540
251170;4976;24;4952
251180;10579;157;10422
251190;19065;588;18477
251200;18564;561;18003
251203;3888;9;3879
251207;4307;34;4273
251210;32801;984;31817
251220;4209;36;4173
251230;23345;300;23045
251240;13680;503;13177
251250;43967;2451;41516
251260;1956;26;1930
251270;19621;518;19103
251272;6089;9;6080
251274;3588;10;3578
251275;4521;40;4481
251276;4509;38;4471
251278;1948;32;1916
251280;8526;35;8491
251290;24176;701;23475
251300;3885;7;3878
251310;12140;82;12058
251315;6558;16;6542
251320;6583;85;6498
251330;5889;17;5872
251335;3595;8;3587
251340;15382;411;14971
251350;5162;23;5139
251360;7031;55;6976
251365;2636;37;2599
251370;136586;10038;126548
251380;4573;32;4541
251385;2521;172;2349
251390;34031;480;33551
251392;4529;24;4505
251394;2615;16;2599
251396;3073;6;3067
251398;3392;57;3335
251400;4199;104;4095
251410;4422;12;4410
251420;7630;55;7575
251430;6359;21;6338
251440;4682;13;4669
251445;5957;9;5948
251450;20251;272;19979
251455;4003;1;4002
251460;3557;6;3551
251465;1801;900;901
251470;4141;76;4065
251480;3628;17;3611
251490;7724;127;7597
251500;7368;17;7351
251510;11661;278;11383
251520;3489;36;3453
251530;52625;1608;51017
251540;10775;81;10694
251550;13699;410;13289
251560;3148;26;3122
251570;2909;25;2884
251580;7041;88;6953
251590;6099;71;6028
251593;5024;63;4961
251597;7783;74;7709
251600;26407;809;25598
251610;14989;316;14673
251615;3555;2;3553
251620;69444;4475;64969
251630;16966;420;16546
251640;10911;37;10874
251650;15376;258;15118
251660;14726;70;14656
251670;15161;163;14998
251675;3058;17;3041
251680;9455;37;9418
251690;15242;652;14590
251700;9907;168;9739
251710;2810;52;2758
251720;5348;10;5338
251740;2240;9;2231
260005;99990;15810;84180
260010;37259;966;36293
260020;19635;525;19110
260030;24885;600;24285
260040;36771;177;36594
260050;43443;553;42890
260060;14636;217;14419
260070;38386;534;37852
260080;22972;697;22275
260090;22829;242;22587
260100;11150;310;10840
260105;20524;162;20362
260110;84418;1700;82718
260120;74338;5108;69230
260130;14385;108;14277
260140;42659;817;41842
260150;12073;69;12004
260160;20729;302;20427
260170;76439;5283;71156
260180;12719;18;12701
260190;60798;2717;58081
260200;38146;374;37772
260210;48554;1439;47115
260220;39184;310;38874
260230;38134;951;37183
260240;8993;215;8778
260250;7487;32;7455
260260;50742;1262;49480
260270;13155;54;13101
260280;58378;576;57802
260290;207048;30886;176162
260300;34221;910;33311
260310;20380;210;20170
260320;28739;141;28598
260330;11053;37;11016
260340;5750;69;5681
260345;157828;26911;130917
260350;18765;483;18282
260360;8551;81;8470
260370;24804;337;24467
260380;20048;178;19870
260390;19551;96;19455
260392;12932;16;12916
260400;83641;4920;78721
260410;361118;52536;308582
260415;14341;44;14297
260420;42892;470;42422
260430;11807;121;11686
260440;13518;201;13317
260450;21698;260;21438
260460;26421;805;25616
260470;18207;144;18063
260480;12578;106;12472
260490;10906;223;10683
260500;24107;847;23260
260510;37111;477;36634
260515;18908;1501;17407
260520;68875;3339;65536
260530;31825;354;31471
260540;22131;282;21849
260545;3061;742;2319
260550;12123;98;12025
260560;22624;112;22512
260570;32873;745;32128
260580;15457;156;15301
260590;31052;231;30821
260600;139788;16628;123160
260610;30604;2025;28579
260620;79758;27756;52002
260630;7486;49;7437
260640;84074;3828;80246
260650;19197;104;19093
260660;29235;143;29092
260670;7762;41;7721
260680;117019;14916;102103
260690;12228;71;12157
260700;23247;42;23205
260710;4548;26;4522
260720;96204;5361;90843
260730;30854;149;30705
260740;4918;66;4852
260750;26349;137;26212
260760;26258;710;25548
260765;36447;962;35485
260770;13616;105;13511
260775;26651;2892;23759
260780;16955;346;16609
260790;702298;143035;559263
260795;11656;101;11555
260800;17150;165;16985
260805;14796;612;14184
260810;33822;337;33485
260820;16023;95;15928
260825;11424;125;11299
260830;14836;290;14546
260840;15378;148;15230
260845;18071;251;17820
260850;21429;208;21221
260860;13145;61;13084
260870;16290;146;16144
260875;25601;1099;24502
260880;40288;1522;38766
260890;56250;1868;54382
260900;25376;336;25040
260910;16088;79;16009
260915;21434;30;21404
260920;11345;63;11282
260930;15390;76;15314
260940;62784;5459;57325
260950;32471;1105;31366
260960;392482;106628;285854
260970;23884;202;23682
260980;14991;306;14685
260990;69459;1025;68434
261000;63250;1966;61284
261010;7693;91;7602
261020;26474;337;26137
261030;11523;113;11410
261040;22010;852;21158
261050;28933;217;28716
261060;56506;1043;55463
261070;331774;73535;258239
261080;22617;326;22291
261090;67395;2227;65168
261100;36548;496;36052
261110;349145;63344;285801
261120;11302;124;11178
261130;27091;940;26151
261140;14966;157;14809
261150;26037;223;25814
261153;6813;47;6766
261160;1645727;621420;1024307
261170;20546;744;19802
261180;47415;1037;46378
261190;23535;374;23161
261200;9932;361;9571
261210;10919;35;10884
261220;60930;2398;58532
261230;15843;96;15747
261240;26462;412;26050
261245;15398;153;15245
261247;12592;44;12548
261250;107937;7095;100842
261255;14477;41;14436
261260;41931;1241;40690
261270;14137;65;14072
261280;11815;57;11758
261290;15895;119;15776
261300;59504;1034;58470
261310;37245;1106;36139
261320;22793;242;22551
261330;21356;254;21102
261340;21298;418;20880
261350;33959;413;33546
261360;33951;486;33465
261370;113230;11657;101573
261380;18018;185;17833
261390;86350;4379;81971
261400;19165;78;19087
261410;35907;831;35076
261420;45865;347;45518
261430;11270;75;11195
261440;6007;7;6000
261450;65089;2181;62908
261460;28534;226;28308
261470;12874;231;12643
261480;25765;112;25653
261485;23388;422;22966
261500;28775;511;28264
261510;7169;83;7086
261520;10096;91;10005
261530;53022;1628;51394
261540;45219;2607;42612
261550;13769;114;13655
261560;30521;315;30206
261570;15254;357;14897
261580;27304;255;27049
261590;8202;100;8102
261600;18482;353;18129
261610;9534;49;9485
261618;7618;51;7567
261620;20731;339;20392
261630;32643;400;32243
261640;138757;15809;122948
261650;14725;64;14661
270010;20196;226;19970
270020;17545;307;17238
270030;231747;20960;210787
270040;47185;1055;46130
270050;15932;325;15607
270060;8322;637;7685
270070;18232;364;17868
270080;4344;5920;-1576
270090;6704;37;6667
270100;27281;1309;25972
270110;10494;24;10470
270120;10858;192;10666
270130;21264;566;20698
270135;6936;122;6814
270140;57063;629;56434
270150;9558;351;9207
270160;17722;102;17620
270170;17053;471;16582
270180;9081;30;9051
270190;7311;86;7225
270200;10693;123;10570
270210;21698;177;21521
270220;5845;341;5504
270230;56933;1874;55059
270235;24219;271;23948
270240;52016;1443;50573
270250;11075;71;11004
270255;18205;164;18041
270260;22166;257;21909
270270;4754;52;4702
270280;12790;181;12609
270290;40917;273;40644
270300;15616;155;15461
270310;25631;269;25362
270320;24499;63;24436
270330;18385;58;18327
270340;5253;85;5168
270350;7021;20;7001
270360;8361;187;8174
270370;5770;41;5729
270375;11580;98;11482
270380;23993;88;23905
270390;4155;47;4108
270400;24727;544;24183
270410;17852;238;17614
270420;28635;165;28470
270430;1018948;279742;739206
270440;19804;204;19600
270450;32704;1021;31683
270460;9163;103;9060
270470;51901;6127;45774
270480;13264;467;12797
270490;3514;33;3481
270500;25216;160;25056
270510;24642;355;24287
270520;17856;602;17254
270530;5329;135;5194
270540;7159;36;7123
270550;28236;841;27395
270560;12690;82;12608
270570;21688;509;21179
270580;9373;22;9351
270590;5123;18;5105
270600;11624;48;11576
270610;11496;115;11381
270620;5011;26;4985
270630;73218;4877;68341
270640;24399;435;23964
270642;10533;48;10485
270644;13176;701;12475
270650;15245;205;15040
270660;7564;113;7451
270670;63683;2589;61094
270680;17827;204;17623
270690;35111;2885;32226
270700;2908;72;2836
270710;25039;688;24351
270720;14386;92;14294
270730;27165;697;26468
270740;7786;133;7653
270750;20066;168;19898
270760;11294;237;11057
270770;75120;7153;67967
270780;6664;38;6626
270790;7296;610;6686
270800;47654;2074;45580
270810;10740;113;10627
270820;6961;93;6868
270830;23927;304;23623
270840;32260;182;32078
270850;34555;620;33935
270860;61251;3437;57814
270870;7951;187;7764
270880;34152;364;33788
270890;13828;2384;11444
270895;13870;20;13850
270900;6162;40;6122
270910;19980;249;19731
270915;44169;771;43398
270920;27715;258;27457
270930;65611;2086;63525
270940;25733;759;24974
280010;2374;48;2326
280020;21563;536;21027
280030;657013;230615;426398
280040;10056;106;9950
280050;18542;391;18151
280060;30407;5002;25405
280067;26816;679;26137
280070;8309;35;8274
280100;18109;497;17612
280110;4008;43;3965
280120;29900;357;29543
280130;34213;623;33590
280140;22082;324;21758
280150;16634;5019;11615
280160;5897;201;5696
280170;17874;216;17658
280190;3987;81;3906
280200;5138;67;5071
280210;69184;4270;64914
280220;5584;31;5553
280230;15421;363;15058
280240;11604;95;11509
280250;3346;133;3213
280260;5818;79;5739
280270;8520;78;8442
280280;17957;110;17847
280290;95427;5859;89568
280300;41928;577;41351
280310;4903;103;4800
280320;34356;1097;33259
280330;18743;652;18091
280340;13434;144;13290
280350;104408;7814;96594
280360;29826;1978;27848
280370;6919;63;6856
280380;3682;59;3623
280390;12618;168;12450
280400;17213;1229;15984
280410;11335;199;11136
280420;15031;147;14884
280430;7625;180;7445
280440;18719;484;18235
280445;8796;118;8678
280450;36924;1362;35562
280460;26629;852;25777
280470;6483;78;6405
280480;183628;22829;160799
280490;14428;416;14012
280500;3261;25;3236
280510;9602;129;9473
280520;6576;53;6523
280530;9280;271;9009
280540;34775;174;34601
280550;23728;314;23414
280560;28596;308;28288
280570;29626;1810;27816
280580;19805;99;19706
280590;10213;327;9886
280600;18652;494;18158
280610;10855;687;10168
280620;19998;585;19413
280630;14035;18;14017
280640;7780;64;7716
280650;3913;96;3817
280660;12102;361;11741
280670;90072;9921;80151
280680;11137;148;10989
280690;3724;37;3687
280700;3930;18;3912
280710;40484;1174;39310
280720;8893;193;8700
280730;3227;58;3169
280740;52191;1163;51028
280750;13536;74;13462
280760;25294;496;24798
290010;8739;470;8269
290020;20086;326;19760
290030;15159;108;15051
290035;17040;79;16961
290040;16970;286;16684
290050;10610;52;10558
290060;4446;35;4411
290070;151596;23303;128293
290080;22470;703;21767
290090;5464;108;5356
290100;37241;876;36365
290110;25102;2201;22901
290115;16094;49;16045
290120;22005;92;21913
290130;13143;162;12981
290135;14595;2432;12163
290140;13977;131;13846
290150;11221;184;11037
290160;19291;96;19195
290170;11683;276;11407
290180;11798;142;11656
290190;17731;114;17617
290195;7330;80;7250
290200;13135;148;12987
290205;12177;615;11562
290210;54379;857;53522
290220;11397;206;11191
290225;11019;62;10957
290230;8825;148;8677
290240;11531;128;11403
290250;13877;90;13787
290260;20468;154;20314
290265;13229;27;13202
290270;53578;418;53160
290280;20598;322;20276
290290;31603;730;30873
290300;13865;152;13713
290310;5714;51;5663
290320;155439;13046;142393
290323;14931;21;14910
290327;15978;306;15672
290330;5591;250;5341
290340;23328;1054;22274
290350;17211;168;17043
290360;15979;236;15743
290370;12633;97;12536
290380;18576;146;18430
290390;69148;2392;66756
290395;9880;33;9847
290400;14368;52;14316
290405;16764;81;16683
290410;21508;201;21307
290420;10211;82;10129
290430;14295;104;14191
290440;10557;39;10518
290450;10231;125;10106
290460;67195;6401;60794
290470;18349;579;17770
290475;21174;60;21114
290480;6758;27;6731
290485;18807;157;18650
290490;33470;877;32593
290500;23170;440;22730
290510;9213;74;9139
290515;14542;28;14514
290520;50975;1444;49531
290530;18437;34;18403
290540;18176;134;18042
290550;13327;38;13289
290560;31988;854;31134
290570;299132;62780;236352
290580;35316;316;35000
290590;28798;347;28451
290600;71206;2676;68530
290610;9711;72;9639
290620;26176;97;26079
290630;31099;518;30581
290640;8258;178;8080
290650;87076;12553;74523
290660;14319;100;14219
290670;25189;372;24817
290680;34834;210;34624
290682;16668;60;16608
290685;11637;129;11508
290687;30662;329;30333
290689;8951;19;8932
290690;22016;1280;20736
290700;9295;231;9064
290710;29018;163;28855
290720;71969;1988;69981
290730;26264;399;25865
290740;3577;183;3394
290750;54704;5762;48942
290755;9329;45;9284
290760;17266;62;17204
290770;11177;47;11130
290780;32515;445;32070
290790;17300;208;17092
290800;16993;940;16053
290810;18777;97;18680
290820;22581;889;21692
290830;17247;264;16983
290840;66612;1704;64908
290850;33153;2321;30832
290860;25837;441;25396
290870;17247;286;16961
290880;4066;26;4040
290890;22605;994;21611
290900;8614;86;8528
290910;14194;60;14134
290920;15895;30;15865
290930;32137;456;31681
290940;13782;69;13713
290950;5349;31;5318
290960;21103;86;21017
290970;13910;94;13816
290980;63239;4188;59051
290990;34700;878;33822
291000;10710;29;10681
291005;81089;12931;68158
291010;12199;269;11930
291020;4058;80;3978
291030;8122;109;8013
291040;17006;159;16847
291050;41780;2004;39776
291060;37237;632;36605
291070;60585;1085;59500
291072;113380;20328;93052
291075;17890;133;17757
291077;5665;24;5641
291080;614872;130452;484420
291085;16377;168;16209
291090;5617;42;5575
291100;10629;174;10455
291110;25591;314;25277
291120;32403;641;31762
291125;4463;24;4439
291130;11233;66;11167
291140;15221;102;15119
291150;7128;46;7082
291160;20722;303;20419
291165;6937;17;6920
291170;84481;3908;80573
291180;20843;326;20517
291185;13031;131;12900
291190;24305;248;24057
291200;9224;61;9163
291210;21689;824;20865
291220;19571;110;19461
291230;16198;207;15991
291240;18211;55;18156
291250;14902;26;14876
291260;4044;28;4016
291270;23375;307;23068
291280;8637;348;8289
291290;15312;164;15148
291300;16339;66;16273
291310;17113;100;17013
291320;26927;503;26424
291330;6206;89;6117
291340;15640;90;15550
291345;13226;272;12954
291350;26916;203;26713
291360;162327;24961;137366
291370;39926;992;38934
291380;14487;169;14318
291390;45873;2960;42913
291400;59595;1414;58181
291410;9865;41;9824
291420;7260;19;7241
291430;8537;77;8460
291440;25216;189;25027
291450;29034;964;28070
291460;72967;3563;69404
291465;30584;1370;29214
291470;64489;2985;61504
291480;213223;39855;173368
291490;28296;314;27982
291500;16056;103;15953
291510;12351;64;12287
291520;14579;399;14180
291530;6869;427;6442
291535;14429;19;14410
291540;6682;71;6611
291550;20491;1133;19358
291560;64486;2896;61590
291570;8035;27;8008
291580;23049;279;22770
291590;6441;85;6356
291600;19405;416;18989
291610;22228;815;21413
291620;8761;262;8499
291630;10259;317;9942
291640;76147;3825;72322
291650;35576;50;35526
291660;10313;91;10222
291670;8319;45;8274
291680;19747;392;19355
291685;14487;372;14115
291690;12576;127;12449
291700;36089;366;35723
291710;20382;422;19960
291720;18962;193;18769
291730;28602;552;28050
291733;10994;49;10945
291735;8385;72;8313
291740;14842;56;14786
291750;80518;6691;73827
291760;54423;915;53508
291770;33570;6081;27489
291780;18788;103;18685
291790;10709;90;10619
291800;155966;11543;144423
291810;40463;302;40161
291820;14537;61;14476
291830;11166;143;11023
291835;25188;205;24983
291840;216707;31562;185145
291845;9126;25;9101
291850;15284;43;15241
291855;5833;116;5717
291860;6186;93;6093
291870;3724;34;3690
291875;15665;25;15640
291880;23840;399;23441
291890;3955;71;3884
291900;3783;7;3776
291905;8562;31;8531
291910;8307;77;8230
291915;27223;176;27047
291920;198440;59347;139093
291930;11409;233;11176
291940;12388;80;12308
291950;45732;628;45104
291955;87519;7792;79727
291960;11348;90;11258
291970;18755;328;18427
291980;49826;432;49394
291990;7824;15;7809
291992;21093;1621;19472
291995;3161;52;3109
292000;10112;352;9760
292010;18676;198;18478
292020;16845;76;16769
292030;8393;53;8340
292040;13240;93;13147
292045;13643;17;13626
292050;20834;1675;19159
292060;44677;457;44220
292070;20570;137;20433
292080;10406;23;10383
292090;13822;97;13725
292100;46583;4548;42035
292105;12201;132;12069
292110;22688;799;21889
292120;26023;463;25560
292130;10950;138;10812
292140;18338;35;18303
292145;8641;86;8555
292150;49418;302;49116
292160;8519;29;8490
292170;35413;486;34927
292180;12042;66;11976
292190;9062;105;8957
292200;41748;6137;35611
292205;10889;24;10865
292210;26776;246;26530
292220;7422;126;7296
292225;11348;13;11335
292230;29399;802;28597
292240;22221;477;21744
292250;28525;759;27766
292260;13997;46;13951
292265;13130;474;12656
292270;16462;130;16332
292273;7812;87;7725
292275;6591;16;6575
292280;8226;53;8173
292285;9118;37;9081
292290;26947;164;26783
292300;43376;4093;39283
292303;12385;45;12340
292305;15440;16;15424
292310;28229;148;28081
292320;21825;110;21715
292330;8564;155;8409
292335;17451;89;17362
292340;21750;156;21594
292350;9019;210;8809
292360;21607;250;21357
292370;32000;330;31670
292380;28989;347;28642
292390;9831;92;9739
292400;117782;9965;107817
292405;13578;122;13456
292410;7347;37;7310
292420;16667;14;16653
292430;17123;100;17023
292440;35048;124;34924
292450;16260;78;16182
292460;20150;191;19959
292465;10437;90;10347
292467;10023;31;9992
292470;10707;172;10535
292480;24755;219;24536
292490;9322;39;9283
292500;26265;572;25693
292510;46871;1278;45593
292520;39519;7093;32426
292525;14914;95;14819
292530;148686;9447;139239
292540;7224;73;7151
292550;28174;656;27518
292560;15142;259;14883
292570;12338;68;12270
292575;27719;117;27602
292580;25439;386;25053
292590;27580;55;27525
292593;8972;24;8948
292595;22621;249;22372
292600;41008;763;40245
292610;14396;73;14323
292620;22339;117;22222
292630;33436;914;32522
292640;35421;361;35060
292650;14592;63;14529
292660;53807;1842;51965
292665;5812;89;5723
292670;12989;201;12788
292680;15371;75;15296
292690;11655;49;11606
292700;40732;625;40107
292710;9331;55;9276
292720;30814;390;30424
292730;15667;220;15447
292740;2872347;808937;2063410
292750;20791;606;20185
292760;14213;51;14162
292770;27778;934;26844
292780;6315;56;6259
292790;10631;181;10450
292800;37348;743;36605
292805;12597;233;12364
292810;39845;831;39014
292820;26614;400;26214
292830;8943;177;8766
292840;28338;201;28137
292850;10405;43;10362
292860;60069;3720;56349
292870;101512;7997;93515
292880;52850;1908;50942
292890;33742;815;32927
292895;9058;77;8981
292900;14740;170;14570
292905;15391;197;15194
292910;21074;356;20718
292920;39802;1504;38298
292925;18793;105;18688
292930;37550;2576;34974
292935;5657;89;5568
292937;10462;50;10412
292940;11675;173;11502
292950;44300;4906;39394
292960;17398;256;17142
292970;17273;53;17220
292975;12043;262;11781
292980;12913;99;12814
292990;44091;1009;43082
293000;11434;26;11408
293010;79015;5050;73965
293015;31472;124;31348
293020;40684;523;40161
293030;17386;104;17282
293040;14878;277;14601
293050;80861;6324;74537
293060;13397;91;13306
293070;134377;18929;115448
293075;13012;25;12987
293076;9986;11;9975
293077;23191;1770;21421
293080;16979;29;16950
293090;12518;60;12458
293100;20403;345;20058
293105;17366;95;17271
293110;7918;257;7661
293120;21074;120;20954
293130;17010;76;16934
293135;160487;19674;140813
293140;7425;111;7314
293150;22518;1669;20849
293160;14943;49;14894
293170;13033;234;12799
293180;16394;94;16300
293190;50687;563;50124
293200;24240;649;23591
293210;19895;189;19706
293220;19056;664;18392
293230;27035;511;26524
293240;13887;131;13756
293245;19222;32;19190
293250;19002;1343;17659
293260;16658;89;16569
293270;20519;809;19710
293280;19178;186;18992
293290;96562;3502;93060
293300;28473;348;28125
293305;14104;45;14059
293310;9170;34;9136
293315;12697;43;12654
293317;8838;94;8744
293320;43223;1312;41911
293325;6205;65;6140
293330;338480;45527;292953
293340;9345;47;9298
293345;12238;57;12181
293350;21101;55;21046
293360;46483;381;46102
310010;6989;667;6322
310020;23237;3611;19626
310030;13454;697;12757
310040;3994;202;3792
310050;9470;1106;8364
310060;13735;196;13539
310070;1999;259;1740
310080;4486;417;4069
310090;19207;907;18300
310100;13539;148;13391
310110;25167;2121;23046
310120;6003;206;5797
310130;2674;300;2374
310140;3007;270;2737
310150;35362;8841;26521
310160;79996;17939;62057
310163;6907;508;6399
310170;41896;3383;38513
310180;7424;488;6936
310190;19853;1374;18479
310200;14466;781;13685
310205;5847;164;5683
310210;11000;330;10670
310220;3907;130;3777
310230;15203;1864;13339
310240;3606;224;3382
310250;4713;276;4437
310260;41077;6859;34218
310270;9412;77;9335
310280;12224;709;11515
310285;8520;49;8471
310290;11445;1519;9926
310300;9318;1398;7920
310310;1598;47;1551
310320;2347;300;2047
310330;2063;24;2039
310340;36708;1773;34935
310350;117267;25054;92213
310360;2795;187;2608
310370;8439;138;8301
310375;6869;1746;5123
310380;2834;765;2069
310390;9273;4513;4760
310400;106229;34323;71906
310410;10772;1907;8865
310420;40092;11976;28116
310430;15070;4133;10937
310440;2727;165;2562
310445;5231;49;5182
310450;17875;449;17426
310460;14179;1744;12435
310470;12868;464;12404
310480;4869;182;4687
310490;19148;4154;14994
310500;7826;408;7418
310510;23829;4716;19113
310520;4795;39;4756
310530;5746;718;5028
310540;32485;11206;21279
310550;5397;142;5255
310560;137313;32420;104893
310570;5131;439;4692
310590;20810;3371;17439
310600;10255;1651;8604
310610;3429;223;3206
310620;2512070;1169372;1342698
310630;26700;4167;22533
310640;7715;1047;6668
310650;11932;137;11795
310660;4604;53;4551
310665;4735;34;4701
310670;439340;135836;303504
310680;3379;78;3301
310690;14494;2719;11775
310700;2515;130;2385
310710;40127;4550;35577
310720;5090;94;4996
310730;49979;2802;47177
310740;50605;11531;39074
310750;6474;901;5573
310760;4217;134;4083
310770;6083;361;5722
310780;14935;837;14098
310790;10547;397;10150
310800;17603;1373;16230
310810;6868;331;6537
310820;5493;136;5357
310825;11230;40;11190
310830;19412;2032;17380
310840;14971;2355;12616
310850;6319;123;6196
310855;16538;3945;12593
310860;32347;1071;31276
310870;4333;460;3873
310880;4801;445;4356
310890;14459;1894;12565
310900;40103;12235;27868
310910;11001;340;10661
310920;10365;390;9975
310925;3982;266;3716
310930;24841;1005;23836
310940;28056;1432;26624
310945;6949;61;6888
310950;14075;919;13156
310960;3603;779;2824
310970;11547;2169;9378
310980;2692;197;2495
310990;11624;1956;9668
311000;44718;9924;34794
311010;5496;87;5409
311020;3987;261;3726
311030;14480;1130;13350
311040;2901;108;2793
311050;21770;4542;17228
311060;29551;6223;23328
311070;12814;1322;11492
311080;3721;104;3617
311090;16665;1360;15305
311100;21055;1450;19605
311110;19745;1880;17865
311115;3817;9;3808
311120;54029;8985;45044
311130;11655;410;11245
311140;8151;2856;5295
311150;15461;973;14488
311160;28774;1362;27412
311170;4563;158;4405
311180;12150;762;11388
311190;5603;129;5474
311200;14886;1322;13564
311205;4525;74;4451
311210;5438;99;5339
311220;4653;125;4528
311230;37784;3220;34564
311240;6920;889;6031
311250;9754;1454;8300
311260;16173;1838;14335
311265;5468;189;5279
311270;15234;1262;13972
311280;8632;904;7728
311290;9298;341;8957
311300;23685;227;23458
311310;3183;95;3088
311320;25501;3851;21650
311330;33000;3650;29350
311340;92062;13315;78747
311350;9405;1448;7957
311360;6757;660;6097
311370;18837;1523;17314
311380;2632;50;2582
311390;12170;804;11366
311400;11476;2774;8702
311410;14859;3519;11340
311420;22478;9924;12554
311430;30329;2929;27400
311440;21225;1560;19665
311450;19355;2957;16398
311455;10027;2508;7519
311460;4047;278;3769
311470;3579;339;3240
311480;4478;331;4147
311490;2257;77;2180
311500;3075;41;3034
311510;17740;1921;15819
311520;3954;99;3855
311530;75123;15690;59433
311535;5376;1475;3901
311540;3641;113;3528
311545;6311;274;6037
311547;4986;9;4977
311550;21656;5668;15988
311560;1164;27;1137
311570;7032;214;6818
311580;10350;703;9647
311590;3154;238;2916
311600;5704;114;5590
311610;15356;103;15253
311615;13680;95;13585
311620;2687;154;2533
311630;6787;86;6701
311640;4843;356;4487
311650;7551;118;7433
311660;28617;7842;20775
311670;7556;597;6959
311680;8873;176;8697
311690;3111;407;2704
311700;6929;111;6818
311710;10292;279;10013
311720;2812;55;2757
311730;27893;7171;20722
311740;4574;50;4524
311750;17842;3216;14626
311760;5507;915;4592
311770;13638;2603;11035
311780;11638;2005;9633
311783;7642;31;7611
311787;6730;1964;4766
311790;11950;1729;10221
311800;54762;29323;25439
311810;5045;135;4910
311820;6939;2561;4378
311830;128589;50569;78020
311840;22921;2970;19951
311850;1783;55;1728
311860;663855;249597;414258
311870;9159;552;8607
311880;26602;418;26184
311890;8890;410;8480
311900;3538;127;3411
311910;23731;1850;21881
311920;9991;366;9625
311930;27974;2736;25238
311940;109855;37088;72767
311950;9222;75;9147
311960;3086;381;2705
311970;3434;291;3143
311980;3215;204;3011
311990;3704;325;3379
311995;6337;828;5509
312000;2771;314;2457
312010;4410;74;4336
312015;6704;73;6631
312020;12798;704;12094
312030;5971;29;5942
312040;5150;600;4550
312050;10242;2246;7996
312060;5034;239;4795
312070;3626;189;3437
312080;15417;2751;12666
312083;4982;77;4905
312087;7729;140;7589
312090;80129;11695;68434
312100;5410;95;5315
312110;8025;559;7466
312120;7114;547;6567
312125;10533;2751;7782
312130;5013;343;4670
312140;7243;502;6741
312150;2901;87;2814
312160;47723;5641;42082
312170;3802;65;3737
312180;7729;514;7215
312190;3417;768;2649
312200;19931;729;19202
312210;4979;182;4797
312220;7571;389;7182
312230;238230;126890;111340
312235;6786;115;6671
312240;6011;253;5758
312245;11019;81;10938
312247;3677;238;3439
312250;5072;420;4652
312260;4195;440;3755
312270;5237;310;4927
312280;3001;598;2403
312290;6572;436;6136
312300;10153;1705;8448
312310;5169;172;4997
312320;13483;1899;11584
312330;4259;423;3836
312340;1527;85;1442
312350;1908;75;1833
312352;7841;240;7601
312360;28076;4377;23699
312370;11134;716;10418
312380;7242;745;6497
312385;5370;187;5183
312390;15298;2114;13184
312400;18895;733;18162
312410;70552;10455;60097
312420;24951;1079;23872
312430;31617;511;31106
312440;4692;381;4311
312450;11354;2046;9308
312460;2343;151;2192
312470;3500;240;3260
312480;7978;627;7351
312490;11275;607;10668
312500;3913;469;3444
312510;36225;19871;16354
312520;2377;194;2183
312530;3241;135;3106
312540;4753;51;4702
312550;3167;47;3120
312560;7457;141;7316
312570;15336;1224;14112
312580;3431;155;3276
312590;9820;842;8978
312595;11006;139;10867
312600;7461;2703;4758
312610;67683;14100;53583
312620;9562;175;9387
312630;4412;303;4109
312640;2947;215;2732
312650;10332;97;10235
312660;5215;34;5181
312670;26277;657;25620
312675;5391;87;5304
312680;5880;194;5686
312690;9611;540;9071
312695;3478;7;3471
312700;18103;3267;14836
312705;4581;73;4508
312707;5369;40;5329
312710;59496;17869;41627
312720;4349;188;4161
312730;6817;354;6463
312733;5109;13;5096
312735;3150;168;2982
312737;3353;70;3283
312738;3966;291;3675
312740;4350;228;4122
312750;6158;96;6062
312760;11825;496;11329
312770;279885;69205;210680
312780;15836;265;15571
312790;1388;20;1368
312800;34319;4546;29773
312810;14245;400;13845
312820;10324;317;10007
312825;4972;550;4422
312830;19021;2712;16309
312840;8911;1103;7808
312850;3796;315;3481
312860;6580;162;6418
312870;51917;12106;39811
312880;7078;1987;5091
312890;8039;501;7538
312900;8392;306;8086
312910;5639;197;5442
312920;6558;383;6175
312930;11004;1324;9680
312940;5021;284;4737
312950;25199;3179;22020
312960;8395;169;8226
312965;5400;15;5385
312970;13828;1592;12236
312980;180204;39680;140524
312990;3488;128;3360
313000;2989;38;2951
313005;11990;46;11944
313010;43045;9301;33744
313020;10860;2440;8420
313030;7947;1483;6464
313040;6550;1367;5183
313050;12375;199;12176
313055;6903;121;6782
313060;7328;551;6777
313065;7351;21;7330
313070;6891;252;6639
313080;2767;129;2638
313090;24140;1416;22724
313100;6271;624;5647
313110;7515;321;7194
313115;18607;3516;15091
313120;19861;874;18987
313130;263410;101001;162409
313140;4221;265;3956
313150;10079;561;9518
313160;6987;298;6689
313170;120060;44297;75763
313180;11512;451;11061
313190;51875;21368;30507
313200;5385;69;5316
313210;18153;234;17919
313220;13358;1106;12252
313230;12760;190;12570
313240;96869;29833;67036
313250;34735;2315;32420
313260;4355;294;4061
313270;23211;1367;21844
313280;2081;78;2003
313290;10192;815;9377
313300;15579;5185;10394
313310;15331;4721;10610
313320;12228;767;11461
313330;21062;1411;19651
313340;15243;4122;11121
313350;21762;6194;15568
313360;9783;2764;7019
313370;11146;2169;8977
313375;16108;1989;14119
313380;93214;25720;67494
313390;5419;200;5219
313400;14990;292;14698
313410;6051;211;5840
313420;104671;23614;81057
313430;6023;495;5528
313440;39263;12052;27211
313450;3788;371;3417
313460;20143;1303;18840
313470;12326;225;12101
313480;7686;637;7049
313490;25979;2667;23312
313500;3133;515;2618
313505;38909;2003;36906
313507;5404;58;5346
313510;71648;4812;66836
313520;67742;4599;63143
313530;4350;873;3477
313535;7969;35;7934
313540;4912;1094;3818
313545;7692;59;7633
313550;12386;637;11749
313560;7531;144;7387
313570;5211;241;4970
313580;25391;890;24501
313590;4787;745;4042
313600;15432;440;14992
313610;4573;501;4072
313620;79910;19614;60296
313630;47452;4318;43134
313640;4695;64;4631
313650;10812;197;10615
313652;4501;16;4485
313655;4995;44;4951
313657;4867;59;4808
313660;5725;515;5210
313665;26946;8760;18186
313670;568873;210566;358307
313680;4331;225;4106
313690;10563;440;10123
313695;5724;29;5695
313700;18111;391;17720
313710;7613;613;7000
313720;52165;13715;38450
313730;4102;45;4057
313740;13009;888;12121
313750;18052;1079;16973
313753;9532;437;9095
313760;64527;17457;47070
313770;19923;769;19154
313780;20814;4481;16333
313790;3391;69;3322
313800;6810;315;6495
313810;6512;248;6264
313820;103773;29898;73875
313830;3229;505;2724
313835;4918;79;4839
313840;52587;7572;45015
313850;5069;417;4652
313860;16698;1891;14807
313862;7536;2239;5297
313865;9661;58;9603
313867;6266;189;6077
313868;6699;48;6651
313870;5446;484;4962
313880;18215;3329;14886
313890;7111;161;6950
313900;42133;11023;31110
313910;5098;454;4644
313920;18650;715;17935
313925;6543;12;6531
313930;18407;249;18158
313940;90229;14732;75497
313950;22707;1808;20899
313960;27644;2144;25500
313970;7976;577;7399
313980;12814;1314;11500
313990;14095;2124;11971
314000;60724;20476;40248
314010;4115;261;3854
314015;15416;3104;12312
314020;2973;335;2638
314030;4039;501;3538
314040;2755;51;2704
314050;13388;2139;11249
314053;8417;264;8153
314055;8586;81;8505
314060;4459;78;4381
314070;31086;8697;22389
314080;14468;3101;11367
314085;11157;32;11125
314090;18908;1112;17796
314100;12459;192;12267
314110;37820;7315;30505
314120;3749;257;3492
314130;3802;91;3711
314140;20820;596;20224
314150;6446;320;6126
314160;10739;554;10185
314170;5605;751;4854
314180;31484;883;30601
314190;3894;382;3512
314200;13589;170;13419
314210;10754;414;10340
314220;15014;647;14367
314225;4888;12;4876
314230;4919;1084;3835
314240;7517;782;6735
314250;2220;31;2189
314260;8688;418;8270
314270;14877;165;14712
314280;21120;1382;19738
314290;20854;396;20458
314300;13166;2920;10246
314310;47809;3846;43963
314315;4906;19;4887
314320;21524;1848;19676
314330;409341;84208;325133
314340;23803;1815;21988
314345;8249;34;8215
314350;8863;546;8317
314360;2462;54;2408
314370;3182;152;3030
314380;6029;307;5722
314390;108763;16555;92208
314400;26979;736;26243
314410;20569;1759;18810
314420;3220;63;3157
314430;40750;4584;36166
314435;6996;1029;5967
314437;3311;19;3292
314440;4730;226;4504
314450;8608;579;8029
314460;26769;3171;23598
314465;10295;18;10277
314467;3190;41;3149
314470;17578;7294;10284
314480;94889;48203;46686
314490;3600;93;3507
314500;15545;3796;11749
314505;7500;152;7348
314510;16723;546;16177
314520;102693;24063;78630
314530;31331;676;30655
314535;10755;277;10478
314537;5299;43;5256
314540;1747;63;1684
314545;6096;88;6008
314550;2787;466;2321
314560;41687;9439;32248
314570;2133;93;2040
314580;3148;148;3000
314585;4655;324;4331
314587;8018;174;7844
314590;39500;18643;20857
314600;33639;3913;29726
314610;74281;23448;50833
314620;5934;178;5756
314625;6378;246;6132
314630;20154;563;19591
314640;4486;318;4168
314650;8283;1401;6882
314655;6089;9;6080
314660;1529;47;1482
314670;6616;258;6358
314675;5507;20;5487
314690;15674;1251;14423
314700;93158;19199;73959
314710;93969;26845;67124
314720;21513;3787;17726
314730;21083;4581;16502
314740;24540;4841;19699
314750;1649;98;1551
314760;16344;4069;12275
314770;8084;1086;6998
314780;2039;107;1932
314790;114679;23375;91304
314795;5972;25;5947
314800;152488;39505;112983
314810;90757;16146;74611
314820;5684;302;5382
314830;9571;463;9108
314840;4830;224;4606
314850;8450;340;8110
314860;17541;949;16592
314870;24324;1744;22580
314875;7097;26;7071
314880;3052;179;2873
314890;3972;1509;2463
314900;2504;51;2453
314910;11195;1405;9790
314915;12107;57;12050
314920;3635;286;3349
314930;64258;17406;46852
314940;1807;38;1769
314950;3320;466;2854
314960;4406;282;4124
314970;11506;3146;8360
314980;16168;1473;14695
314990;21390;2790;18600
314995;6810;935;5875
315000;4252;92;4160
315010;2748;324;2424
315015;8566;154;8412
315020;4140;326;3814
315030;4497;79;4418
315040;4982;116;4866
315050;8660;566;8094
315053;4941;858;4083
315057;7507;20;7487
315060;6409;481;5928
315070;6199;2570;3629
315080;17626;388;17238
315090;5472;917;4555
315100;8596;2076;6520
315110;10752;2057;8695
315120;56428;9225;47203
315130;10787;1511;9276
315140;27989;7589;20400
315150;34691;4185;30506
315160;12133;2931;9202
315170;16791;2523;14268
315180;167397;74533;92864
315190;8432;128;8304
315200;31812;3436;28376
315210;59742;13561;46181
315213;4261;18;4243
315217;12121;159;11962
315220;37906;1602;36304
315230;11279;164;11115
315240;16555;534;16021
315250;150737;56759;93978
315260;5940;2052;3888
315270;9031;886;8145
315280;27856;3118;24738
315290;8603;671;7932
315300;3603;171;3432
315310;5369;160;5209
315320;3641;87;3554
315330;3002;61;2941
315340;19573;1060;18513
315350;8317;290;8027
315360;10733;1583;9150
315370;3563;346;3217
315380;1939;94;1845
315390;16354;4401;11953
315400;23762;1505;22257
315410;10517;587;9930
315415;7154;370;6784
315420;11500;863;10637
315430;17397;1904;15493
315440;4808;334;4474
315445;8136;83;8053
315450;9481;1043;8438
315460;334858;57766;277092
315470;4033;645;3388
315480;10312;2148;8164
315490;13564;1237;12327
315500;2610;299;2311
315510;5150;62;5088
315520;5474;87;5387
315530;5832;301;5531
315540;8949;875;8074
315550;12313;1082;11231
315560;30914;278;30636
315570;14339;3064;11275
315580;17910;2915;14995
315590;5476;423;5053
315600;12846;215;12631
315610;4604;238;4366
315620;2305;223;2082
315630;8109;2994;5115
315640;3533;185;3348
315645;4594;100;4494
315650;5995;66;5929
315660;10241;227;10014
315670;136344;33346;102998
315680;15470;863;14607
315690;26185;4625;21560
315700;41527;3086;38441
315710;7009;549;6460
315720;31324;11978;19346
315725;8147;218;7929
315727;3150;101;3049
315730;4430;283;4147
315733;8604;1243;7361
315737;4142;14;4128
315740;4758;228;4530
315750;4409;99;4310
315760;3846;36;3810
315765;6366;73;6293
315770;14003;2562;11441
315780;219134;49150;169984
315790;16208;436;15772
315800;10847;1176;9671
315810;5232;47;5185
315820;14615;599;14016
315830;7100;1316;5784
315840;3872;162;3710
315850;7642;160;7482
315860;3976;236;3740
315870;2458;173;2285
315880;4821;310;4511
315890;8674;405;8269
315895;34663;11715;22948
315900;4295;366;3929
315910;3777;83;3694
315920;8949;1042;7907
315930;4884;221;4663
315935;7212;270;6942
315940;3425;80;3345
315950;5489;78;5411
315960;43260;12026;31234
315970;3350;113;3237
315980;19742;3016;16726
315990;18525;1137;17388
316000;3602;129;3473
316010;3911;320;3591
316020;3838;18;3820
316030;11640;91;11549
316040;28243;8729;19514
316045;7277;28;7249
316050;1765;52;1713
316060;3087;79;3008
316070;46487;12567;33920
316080;5286;217;5069
316090;3738;879;2859
316095;5644;132;5512
316100;17359;4629;12730
316105;3369;95;3274
316110;56323;775;55548
316120;6527;543;5984
316130;6238;1499;4739
316140;4844;102;4742
316150;12366;382;11984
316160;3962;195;3767
316165;4012;74;3938
316170;8389;926;7463
316180;12411;4465;7946
316190;10920;4732;6188
316200;25449;2345;23104
316210;35469;4263;31206
316220;7453;583;6870
316225;4915;45;4870
316230;2749;243;2506
316240;25165;167;24998
316245;13014;33;12981
316250;90082;26459;63623
316255;11559;595;10964
316257;5859;157;5702
316260;7498;465;7033
316265;4419;4;4415
316270;23618;196;23422
316280;15774;1386;14388
316290;26361;5801;20560
316292;31578;5450;26128
316294;7426;1154;6272
316295;23766;4874;18892
316300;4268;100;4168
316310;5004;262;4742
316320;4196;619;3577
316330;3860;159;3701
316340;5420;327;5093
316350;6453;106;6347
316360;2791;49;2742
316370;45851;18349;27502
316380;6938;359;6579
316390;4659;141;4518
316400;7781;354;7427
316410;5246;117;5129
316420;12337;104;12233
316430;7051;495;6556
316440;5504;782;4722
316443;3007;138;2869
316447;6555;50;6505
316450;10044;57;9987
316460;6775;4178;2597
316470;70956;17564;53392
316480;1506;66;1440
316490;2241;353;1888
316500;10941;1398;9543
316510;7021;361;6660
316520;7089;109;6980
316530;7753;971;6782
316540;6930;157;6773
316550;6300;140;6160
316553;32752;10468;22284
316555;12258;92;12166
316556;2633;43;2590
316557;5356;169;5187
316560;2005;104;1901
316570;7812;1280;6532
316580;1502;71;1431
316590;4156;43;4113
316600;5786;170;5616
316610;3523;148;3375
316620;10459;199;10260
316630;7326;68;7258
316640;1851;129;1722
316650;4293;21;4272
316660;781;48;733
316670;8699;273;8426
316680;11582;1584;9998
316690;7669;702;6967
316695;4781;24;4757
316700;1963;213;1750
316710;20966;1361;19605
316720;239639;67615;172024
316730;2261;124;2137
316740;6238;791;5447
316750;2615;286;2329
316760;19633;667;18966
316770;5553;299;5254
316780;6151;1302;4849
316790;3750;278;3472
316800;34132;727;33405
316805;3110;12;3098
316810;4773;660;4113
316820;1875;26;1849
316830;4077;250;3827
316840;14326;539;13787
316850;11661;1136;10525
316860;140592;31586;109006
316870;89842;31536;58306
316880;7981;1317;6664
316890;6480;789;5691
316900;16659;6796;9863
316905;4101;100;4001
316910;6258;428;5830
316920;8022;780;7242
316930;79482;19176;60306
316935;32356;6834;25522
316940;56746;19929;36817
316950;6732;266;6466
316960;25327;3075;22252
316970;19964;954;19010
316980;5040;187;4853
316990;115552;37751;77801
317000;12533;42;12491
317005;12471;404;12067
317010;333783;124913;208870
317020;691305;239834;451471
317030;2611;40;2571
317040;84378;9545;74833
317043;4304;454;3850
317047;3264;87;3177
317050;10358;1076;9282
317052;16865;65;16800
317057;6480;241;6239
317060;2153;154;1999
317065;5007;17;4990
317070;135558;47795;87763
317075;7036;2117;4919
317080;39493;3234;36259
317090;19320;121;19199
317100;20590;4932;15658
317103;9355;68;9287
317107;5720;202;5518
317110;3999;426;3573
317115;4839;48;4791
317120;127601;21731;105870
317130;78846;26600;52246
317140;3608;64;3544
317150;3203;164;3039
317160;13752;179;13573
317170;8674;1188;7486
317180;10510;983;9527
317190;5380;191;5189
317200;42564;7383;35181
317210;5252;454;4798
317220;2552;219;2333
320010;30586;2979;27607
320013;9642;1092;8550
320016;11019;407;10612
320020;30084;4397;25687
320030;14601;1712;12889
320035;7836;455;7381
320040;29263;4212;25051
320050;7567;555;7012
320060;101220;29323;71897
320070;11936;1776;10160
320080;30998;4047;26951
320090;44650;5955;38695
320100;15037;986;14051
320110;9936;1150;8786
320115;12404;503;11901
320120;208972;54563;154409
320130;381285;116328;264957
320140;37534;7491;30043
320150;122499;42886;79613
320160;31063;2054;29009
320170;12723;1323;11400
320180;4304;345;3959
320190;33850;4307;29543
320200;6749;186;6563
320210;22923;1610;21313
320220;21509;3855;17654
320225;12709;1397;11312
320230;30867;3012;27855
320240;124859;26483;98376
320245;26082;1757;24325
320250;12479;3122;9357
320255;8889;187;8702
320260;13860;3219;10641
320265;13377;654;12723
320270;14066;1191;12875
320280;34348;3545;30803
320290;10555;1315;9240
320300;29161;1881;27280
320305;30477;2372;28105
320310;12192;1429;10763
320313;16668;5526;11142
320316;10947;368;10579
320320;173555;47096;126459
320330;15350;522;14828
320332;38499;4964;33535
320334;16694;2470;14224
320335;12833;2565;10268
320340;26153;2827;23326
320350;18833;1632;17201
320360;5524;166;5358
320370;17465;1441;16024
320380;15449;1971;13478
320390;50110;9178;40932
320400;23184;1791;21393
320405;26184;2486;23698
320410;27047;2076;24971
320420;21711;2544;19167
320425;7863;169;7694
320430;11574;1106;10468
320435;19141;2580;16561
320440;11622;1906;9716
320450;12224;747;11477
320455;40431;3681;36750
320460;23590;4181;19409
320465;8638;1381;7257
320470;37947;6382;31565
320480;10556;853;9703
320490;130611;26082;104529
320495;12415;2220;10195
320500;517510;171190;346320
320501;30070;3242;26828
320503;21402;2495;18907
320506;25277;4989;20288
320510;78239;17215;61024
320515;9208;424;8784
320517;14080;1278;12802
320520;493838;211609;282229
320530;362097;212931;149166
330010;203785;31166;172619
330015;11759;1046;10713
330020;132400;24554;107846
330022;12572;2130;10442
330023;33870;3399;30471
330025;30349;4774;25575
330030;100374;20774;79600
330040;184412;56176;128236
330045;510906;81251;429655
330050;27446;3396;24050
330060;37096;6925;30171
330070;226525;32814;193711
330080;58937;6522;52415
330090;15505;1581;13924
330093;16301;2098;14203
330095;8561;1171;7390
330100;507548;116102;391446
330110;20172;2870;17302
330115;12823;1283;11540
330120;18895;2561;16334
330130;44184;7631;36553
330140;23228;3735;19493
330150;21926;3540;18386
330160;11492;978;10514
330170;919596;182498;737098
330180;14002;936;13066
330185;60517;6110;54407
330187;28310;4217;24093
330190;240592;38212;202380
330200;133019;34015;99004
330205;15207;1642;13565
330210;23234;3765;19469
330220;103224;18391;84833
330225;31805;9711;22094
330227;104768;9201;95567
330230;7355;630;6725
330240;256672;98800;157872
330245;5599;1441;4158
330250;245071;30199;214872
330260;44468;8171;36297
330270;161207;33893;127314
330280;18614;1911;16703
330285;176103;39179;136924
330290;25538;4444;21094
330300;27174;2768;24406
330310;15317;1779;13538
330320;162485;44883;117602
330330;513584;279756;233828
330340;190631;50010;140621
330350;821128;179362;641766
330360;52257;5000;47257
330370;44285;6066;38219
330380;43165;5272;37893
330385;27769;1725;26044
330390;306191;84687;221504
330395;25156;4970;20186
330400;29277;5016;24261
330410;18847;1934;16913
330411;19683;8609;11074
330412;14302;3053;11249
330414;150319;22701;127618
330415;24700;2150;22550
330420;131341;44598;86743
330430;60201;9871;50330
330440;18529;2588;15941
330450;9284;856;8428
330452;150674;41641;109033
330455;6718903;3037129;3681774
330460;10404;1141;9263
330470;42479;6262;36217
330475;42205;2700;39505
330480;38669;5139;33530
330490;1084839;247099;837740
330500;36102;5133;30969
330510;472406;90875;381531
330513;7171;294;6877
330515;21795;1635;20160
330520;104476;13675;90801
330530;9357;574;8783
330540;18228;2352;15876
330550;89170;13527;75643
330555;82312;13705;68607
330560;21774;1574;20200
330570;15623;714;14909
330575;34309;2641;31668
330580;182594;36857;145737
330590;10626;603;10023
330600;81804;15853;65951
330610;76523;9177;67346
330615;11000;484;10516
330620;36896;4623;32273
330630;273012;108961;164051
350010;35068;6202;28866
350020;3562;624;2938
350030;36305;6521;29784
350040;8180;1668;6512
350050;18705;2345;16360
350055;6075;841;5234
350060;3451;1505;1946
350070;37214;8121;29093
350075;6025;676;5349
350080;4166;1121;3045
350090;4160;770;3390
350100;16184;2729;13455
350110;4099;468;3631
350115;18628;7524;11104
350120;3679;471;3208
350130;24915;5180;19735
350140;5227;88;5139
350150;3222;154;3068
350160;239597;120984;118613
350170;40504;14975;25529
350180;5969;1262;4707
350190;72195;28869;43326
350200;4995;689;4306
350210;57157;12901;44256
350220;25228;3131;22097
350230;6724;344;6380
350240;4115;677;3438
350250;36157;5747;30410
350260;4196;443;3753
350270;24374;1683;22691
350275;22364;4323;18041
350280;197016;63468;133548
350290;34146;7558;26588
350300;5620;1830;3790
350310;6357;448;5909
350315;2469;54;2415
350320;236072;110725;125347
350330;134236;63743;70493
350335;1791;83;1708
350340;8560;1037;7523
350350;3886;261;3625
350360;11129;2300;8829
350370;9668;2905;6763
350380;54408;13048;41360
350390;89824;30742;59082
350395;1822;133;1689
350400;104386;22658;81728
350410;142761;64902;77859
350420;15189;3025;12164
350430;5403;514;4889
350440;13649;1488;12161
350450;90655;15527;75128
350460;17502;5667;11835
350470;5735;165;5570
350480;9068;2373;6695
350490;10945;1071;9874
350500;3469;33;3436
350510;7402;281;7121
350520;35264;3690;31574
350530;36126;8920;27206
350535;5724;49;5675
350540;7659;188;7471
350550;122098;30429;91669
350560;32812;11277;21535
350570;274182;252273;21909
350580;20953;3100;17853
350590;62508;13102;49406
350600;376818;148398;228420
350610;77496;27934;49562
350620;2980;1097;1883
350630;11148;932;10216
350635;63249;11503;51746
350640;8034;1054;6980
350650;123638;34589;89049
350660;32598;2952;29646
350670;14923;3203;11720
350680;12329;2187;10142
350690;11730;957;10773
350700;60997;18129;42868
350710;25448;5148;20300
350715;3954;195;3759
350720;837;163;674
350730;4823;338;4485
350740;16046;1722;14324
350745;2653;247;2406
350750;146497;40318;106179
350760;168668;58540;110128
350770;5686;861;4825
350775;2865;237;2628
350780;24939;6014;18925
350790;24403;3955;20448
350800;19878;631;19247
350810;17144;2447;14697
350820;4481;1610;2871
350830;4264;365;3899
350840;49707;17672;32035
350850;94263;35061;59202
350860;33327;7431;25896
350870;18985;2304;16681
350880;17767;3659;14108
350890;4191;285;3906
350900;101470;31341;70129
350910;5874;424;5450
350920;76801;33950;42851
350925;28549;4413;24136
350930;10542;1702;8840
350940;26167;5663;20504
350945;6024;268;5756
350950;1204073;577793;626280
350960;84650;31646;53004
350970;52088;5832;46256
350980;4965;165;4800
350990;12540;677;11863
350995;5138;384;4754
351000;31280;5211;26069
351010;2793;665;2128
351015;5216;802;4414
351020;47138;3641;43497
351030;20706;2265;18441
351040;55768;21092;34676
351050;121532;24001;97531
351060;400927;130310;270617
351070;12326;1715;10611
351080;30380;5786;24594
351090;2523;230;2293
351100;21006;3377;17629
351110;121862;44719;77143
351120;7804;3255;4549
351130;9237;2645;6592
351140;19985;1343;18642
351150;48949;16358;32591
351160;18148;2667;15481
351170;17190;6062;11128
351190;8617;2175;6442
351200;18468;6635;11833
351210;6210;1364;4846
351220;28050;6201;21849
351230;17896;1072;16824
351240;24528;10522;14006
351250;6058;939;5119
351260;4681;105;4576
351270;4055;1200;2855
351280;72252;18952;53300
351290;7307;1211;6096
351300;249210;81938;167272
351310;35292;12958;22334
351320;8631;1712;6919
351330;2073;150;1923
351340;82238;31654;50584
351350;130705;41731;88974
351360;21547;826;20721
351370;33718;11101;22617
351380;423884;172151;251733
351385;1793;126;1667
351390;11146;1138;10008
351400;8929;2373;6556
351410;27315;3948;23367
351420;2115;257;1858
351430;8873;2166;6707
351440;46793;7513;39280
351450;12445;1904;10541
351460;9868;4087;5781
351470;6102;679;5423
351480;15494;667;14827
351490;17772;3719;14053
351492;3651;1037;2614
351495;2452;577;1875
351500;273726;60447;213279
351510;69385;8389;60996
351512;3214;407;2807
351515;20773;3555;17218
351518;44330;16541;27789
351519;4829;299;4530
351520;8419;1130;7289
351530;2766;689;2077
351535;9371;505;8866
351540;16036;586;15450
351550;69116;15410;53706
351560;5783;1816;3967
351565;1716;47;1669
351570;194276;34237;160039
351580;1464;111;1353
351590;2917;581;2336
351600;14640;1165;13475
351610;2676;250;2426
351620;353187;118991;234196
351630;175844;34217;141627
351640;154489;33045;121444
351650;2776;630;2146
351660;6548;870;5678
351670;44390;5727;38663
351680;4808;605;4203
351685;4789;1751;3038
351690;10869;2789;8080
351700;11409;2157;9252
351710;4815;412;4403
351720;12168;3178;8990
351730;5765;809;4956
351740;40790;15743;25047
351750;21454;6099;15355
351760;17157;306;16851
351770;21220;5623;15597
351780;8323;1075;7248
351790;11188;2362;8826
351800;2000;171;1829
351810;6664;788;5876
351820;32939;8863;24076
351830;29798;5450;24348
351840;121798;26253;95545
351850;18520;480;18040
351860;40105;14275;25830
351870;320459;109927;210532
351880;1379182;530702;848480
351885;7656;2123;5533
351890;5267;761;4506
351900;9526;776;8750
351905;14930;4344;10586
351907;230851;71262;159589
351910;11710;2519;9191
351920;6321;778;5543
351925;9240;523;8717
351930;35104;7722;27382
351940;12393;2621;9772
351950;7753;695;7058
351960;60033;11184;48849
351970;78878;10159;68719
351980;8243;1925;6318
351990;8159;1064;7095
352000;24674;5449;19225
352010;30432;9298;21134
352020;9534;1038;8496
352030;30857;1571;29286
352040;34970;3296;31674
352042;11166;462;10704
352044;26686;7483;19203
352050;251627;97211;154416
352060;4885;795;4090
352070;3897;473;3424
352080;3991;241;3750
352090;14971;2586;12385
352100;37133;4873;32260
352110;7546;1656;5890
352115;5392;1037;4355
352120;4218;98;4120
352130;16409;5334;11075
352140;24235;11697;12538
352150;7993;1253;6740
352160;8294;736;7558
352170;17556;878;16678
352180;27125;2204;24921
352190;15262;3236;12026
352200;3835;174;3661
352210;101816;15301;86515
352215;3328;108;3220
352220;175693;36405;139288
352230;163901;30859;133042
352240;94354;16840;77514
352250;237700;55849;181851
352260;74773;21126;53647
352265;4241;91;4150
352270;43120;7547;35573
352280;15149;471;14678
352290;13992;900;13092
352300;4906;486;4420
352310;370821;75930;294891
352320;50503;4400;46103
352330;17436;950;16486
352340;120858;40095;80763
352350;20697;4481;16216
352360;18157;2867;15290
352370;6499;1002;5497
352380;7841;1417;6424
352390;173939;64647;109292
352400;61252;26796;34456
352410;41824;13848;27976
352420;6929;1333;5596
352430;77263;30743;46520
352440;233662;95121;138541
352450;7067;1981;5086
352460;17866;1530;16336
352470;57488;19087;38401
352480;49107;11285;37822
352490;6602;1361;5241
352500;124937;36507;88430
352510;44380;12313;32067
352520;30044;9827;20217
352530;150252;24956;125296
352540;3159;594;2565
352550;13220;1755;11465
352560;4523;898;3625
352570;37015;8785;28230
352580;4776;469;4307
352585;3367;955;2412
352590;418962;251413;167549
352600;20679;3609;17070
352610;18812;1369;17443
352620;31444;1825;29619
352630;4896;258;4638
352640;28516;6708;21808
352650;11980;470;11510
352660;7260;1170;6090
352670;103391;31073;72318
352680;68432;21917;46515
352690;306114;134165;171949
352700;7980;707;7273
352710;78013;33510;44503
352720;88706;20999;67707
352725;2289;235;2054
352730;48885;19323;29562
352740;21747;1641;20106
352750;2394;159;2235
352760;14947;4647;10300
352770;5790;811;4979
352780;4584;364;4220
352790;2649;209;2440
352800;17163;3807;13356
352810;8120;1751;6369
352820;3698;243;3455
352830;3119;532;2587
352840;47150;16981;30169
352850;100179;17906;82273
352860;9846;776;9070
352870;5853;202;5651
352880;14002;2142;11860
352885;3031;567;2464
352890;4084;155;3929
352900;238882;78754;160128
352910;2112;56;2056
352920;26461;3621;22840
352930;83170;32870;50300
352940;472912;182561;290351
352950;5490;1160;4330
352960;3836;636;3200
352965;1908;361;1547
352970;22226;6513;15713
352980;12908;1302;11606
352990;19779;1095;18684
353000;3086;276;2810
353010;29564;4224;25340
353020;18259;3457;14802
353030;59824;20723;39101
353040;4871;634;4237
353050;68885;20832;48053
353060;445842;130143;315699
353070;151888;54291;97597
353080;93189;31321;61868
353090;3493;849;2644
353100;2259;337;1922
353110;56702;7819;48883
353120;8038;2791;5247
353130;50498;21662;28836
353140;25087;7459;17628
353150;19008;5242;13766
353160;4166;723;3443
353170;4653;549;4104
353180;59772;17305;42467
353190;32968;9564;23404
353200;13622;3737;9885
353205;4758;1573;3185
353210;4486;497;3989
353215;3141;287;2854
353220;4857;732;4125
353230;6661;345;6316
353240;18524;2323;16201
353250;8930;2566;6364
353260;11478;2625;8853
353270;5213;894;4319
353280;6973;1340;5633
353282;9755;761;8994
353284;1881;101;1780
353286;1267;149;1118
353290;11186;4152;7034
353300;21500;4940;16560
353310;2316;342;1974
353320;3969;1261;2708
353325;5830;916;4914
353330;4101;472;3629
353340;60174;21976;38198
353350;41052;7539;33513
353360;7432;2917;4515
353370;4289;370;3919
353380;2496;1517;979
353390;54772;19906;34866
353400;4381;1137;3244
353410;6515;1807;4708
353420;7066;2469;4597
353430;44028;19005;25023
353440;698418;307288;391130
353450;2603;223;2380
353460;32879;6420;26459
353470;113542;20635;92907
353475;10361;1653;8708
353480;8562;678;7884
353490;14197;1152;13045
353500;12957;3748;9209
353510;13275;2093;11182
353520;9283;836;8447
353530;22221;3712;18509
353540;15777;871;14906
353550;45703;6960;38743
353560;18222;3045;15177
353570;6454;1823;4631
353580;20197;1717;18480
353590;4078;412;3666
353600;10964;922;10042
353610;6435;801;5634
353620;19648;1177;18471
353625;2161;314;1847
353630;14670;2913;11757
353640;7366;369;6997
353650;109424;46205;63219
353657;1833;88;1745
353660;8945;2171;6774
353670;46687;12018;34669
353680;6093;549;5544
353690;2494;279;2215
353700;16744;3485;13259
353710;47919;12173;35746
353715;3093;350;2743
353720;11331;470;10861
353730;63407;10348;53059
353740;25669;4987;20682
353750;8668;364;8304
353760;68284;10631;57653
353770;5980;857;5123
353780;55348;6030;49318
353790;29185;2953;26232
353800;168328;44113;124215
353810;17049;4906;12143
353820;15207;1924;13283
353830;3692;355;3337
353850;13657;1666;11991
353860;27303;5051;22252
353870;404142;204843;199299
353880;29806;2923;26883
353890;25492;4644;20848
353900;11417;2270;9147
353910;18895;2655;16240
353920;27527;5700;21827
353930;76409;25376;51033
353940;13636;3289;10347
353950;39719;10521;29198
353960;5237;2411;2826
353970;3550;340;3210
353980;117452;27620;89832
353990;6059;1242;4817
354000;22014;9279;12735
354010;3416;735;2681
354020;49961;16723;33238
354025;4628;150;4478
354030;2577;553;2024
354040;4169;833;3336
354050;9925;578;9347
354060;53098;13655;39443
354070;56150;21952;34198
354075;24643;1346;23297
354080;17361;6826;10535
354085;4093;41;4052
354090;21496;8693;12803
354100;325073;99474;225599
354105;5261;444;4817
354110;4094;514;3580
354120;13106;2902;10204
354130;44200;6265;37935
354140;228743;84905;143838
354150;39516;7870;31646
354160;40432;8808;31624
354165;3804;255;3549
354170;14109;4467;9642
354180;3406;572;2834
354190;13420;886;12534
354200;6638;1513;5125
354210;9076;3258;5818
354220;29707;5627;24080
354230;3851;264;3587
354240;20261;4898;15363
354250;9621;1048;8573
354260;56322;10136;46186
354270;7593;1319;6274
354280;3340;155;3185
354290;13219;2168;11051
354300;16444;506;15938
354310;4718;549;4169
354320;4541;423;4118
354323;2225;202;2023
354325;7673;404;7269
354330;123393;55870;67523
354340;703293;293127;410166
354350;5524;181;5343
354360;3629;737;2892
354370;10799;3221;7578
354380;9981;808;9173
354390;206424;93151;113273
354400;35228;14428;20800
354410;50846;14170;36676
354420;12518;1584;10934
354425;16643;1229;15414
354430;10712;1501;9211
354440;3128;580;2548
354450;3148;216;2932
354460;5590;1428;4162
354470;2432;98;2334
354480;6331;874;5457
354490;11890;4477;7413
354500;17139;1896;15243
354510;5300;325;4975
354515;8286;3560;4726
354520;118663;46333;72330
354530;45422;8342;37080
354540;9331;754;8577
354550;4302;2655;1647
354560;15480;5624;9856
354570;6008;1544;4464
354580;193475;79562;113913
354600;14788;2587;12201
354610;2115;125;1990
354620;4503;1089;3414
354625;2139;180;1959
354630;34361;10501;23860
354640;47673;9617;38056
354650;5599;2420;3179
354660;32322;6024;26298
354670;26898;8674;18224
354680;57386;8784;48602
354690;8817;3701;5116
354700;6173;849;5324
354710;2939;264;2675
354720;1487;110;1377
354730;139447;55436;84011
354740;2498;234;2264
354750;27557;9153;18404
354760;26540;8729;17811
354765;1545;166;1379
354770;20878;4038;16840
354780;718773;411502;307271
354790;6929;328;6601
354800;23310;5116;18194
354805;8420;1199;7221
354810;5954;1205;4749
354820;6811;495;6316
354830;3111;480;2631
354840;4777;931;3846
354850;433311;258897;174414
354860;10878;716;10162
354870;838936;435607;403329
354880;161127;98641;62486
354890;251983;99091;152892
354900;2821;198;2623
354910;91211;33788;57423
354920;2568;189;2379
354925;1922;216;1706
354930;2105;442;1663
354940;51888;18286;33602
354950;8928;1215;7713
354960;4147;187;3960
354970;54946;17801;37145
354980;460671;202321;258350
354990;721944;290885;431059
354995;15825;1570;14255
355000;10687;1433;9254
355010;40954;10583;30371
355020;32931;2167;30764
355030;12252023;5715288;6536735
355040;35653;8007;27646
355050;7666;5178;2488
355060;91016;23737;67279
355070;88980;14676;74304
355080;12182;1537;10645
355090;15322;3602;11720
355100;365798;123731;242067
355110;10285;646;9639
355120;3638;126;3512
355130;3513;1281;2232
355140;14662;1822;12840
355150;45107;14586;30521
355160;29229;5475;23754
355170;125815;52103;73712
355180;12832;739;12093
355190;17496;4216;13280
355200;6302;299;6003
355210;41005;3591;37414
355220;679378;284036;395342
355230;7718;1982;5736
355240;282441;97576;184865
355250;297637;77494;220143
355255;3963;1095;2868
355260;12407;3108;9299
355270;16496;2759;13737
355280;289664;84142;205522
355290;6285;837;5448
355300;13859;195;13664
355310;6295;912;5383
355320;5566;1312;4254
355330;23207;5263;17944
355340;25967;6880;19087
355350;7807;531;7276
355360;12960;1806;11154
355365;2811;476;2335
355370;57177;15383;41794
355380;23218;1258;21960
355385;5852;690;5162
355390;7468;766;6702
355395;15000;2072;12928
355400;121766;30348;91418
355410;314924;100913;214011
355420;4532;53;4479
355430;23148;4529;18619
355440;9370;1931;7439
355450;42076;14160;27916
355460;2658;71;2587
355465;2412;81;2331
355470;10010;907;9103
355475;1724;353;1371
355480;47185;10026;37159
355490;5807;809;4998
355495;6894;799;6095
355500;65524;12745;52779
355510;15495;2598;12897
355520;2016;416;1600
355530;1727;117;1610
355535;6309;734;5575
355540;90799;10724;80075
355550;4780;197;4583
355560;10110;3033;7077
355570;1844;215;1629
355580;9114;1207;7907
355590;1165;196;969
355600;13809;3625;10184
355610;13326;2208;11118
355620;129193;63966;65227
355630;26480;7034;19446
355635;10537;2012;8525
355640;42845;10774;32071
355645;52597;10915;41682
355650;121838;53040;68798
355660;10843;1705;9138
355670;78728;36703;42025
355680;18898;6404;12494
355690;8810;1103;7707
355695;1840;115;1725
355700;122480;42719;79761
355710;94547;30158;64389
355715;2718;307;2411
355720;12418;2178;10240
355730;11304;3125;8179
410010;7457;387;7070
410020;5919;367;5552
410030;9371;584;8787
410040;118623;19714;98909
410045;1942;201;1741
410050;22056;597;21459
410060;14770;1386;13384
410070;9836;460;9376
410080;11406;1117;10289
410090;6257;261;5996
410100;19152;612;18540
410105;2801;278;2523
410110;20031;2494;17537
410115;2928;459;2469
410120;18980;1793;17187
410130;7434;94;7340
410140;134996;19177;115819
410150;123027;18215;104812
410160;28115;4700;23415
410165;3068;188;2880
410170;13970;1208;12762
410180;143843;43921;99922
410185;2108;85;2023
410190;15119;2995;12124
410200;33362;5889;27473
410210;26111;4643;21468
410220;3892;1355;2537
410230;12941;1599;11342
410240;31367;4118;27249
410250;11568;1033;10535
410260;10275;673;9602
410270;2781;303;2478
410275;3511;44;3467
410280;15397;2979;12418
410290;16389;693;15696
410300;4105;934;3171
410302;2503;86;2417
410304;6387;263;6124
410305;7591;333;7258
410310;12944;980;11964
410315;3541;64;3477
410320;7032;209;6823
410322;3264;229;3035
410330;6592;467;6125
410335;5427;746;4681
410337;2651;229;2422
410340;2934;150;2784
410345;18120;3079;15041
410347;4044;96;3948
410350;8570;665;7905
410360;25360;4388;20972
410370;106533;24417;82116
410380;7865;922;6943
410390;14202;1672;12530
410395;3887;72;3815
410400;43288;8386;34902
410405;3833;117;3716
410410;7971;493;7478
410420;132002;29693;102309
410425;29318;4652;24666
410430;94859;25852;69007
410440;15018;471;14547
410442;15979;619;15360
410445;13317;569;12748
410450;19124;1262;17862
410460;15780;1217;14563
410465;23415;7258;16157
410470;14320;845;13475
410480;328454;86027;242427
410490;71484;11984;59500
410500;10189;713;9476
410510;10827;878;9949
410520;17779;425;17354
410530;11765;1613;10152
410540;19254;1986;17268
410550;82620;11487;71133
410560;12652;2722;9930
410570;16559;2009;14550
410580;243726;51877;191849
410590;24012;5479;18533
410600;8818;182;8636
410610;3860;176;3684
410620;18584;1949;16635
410630;17071;3210;13861
410640;47845;10983;36862
410645;7497;236;7261
410650;20734;4460;16274
410655;3219;430;2789
410657;4252;266;3986
410660;20932;2765;18167
410670;4469;1025;3444
410680;18708;260;18448
410685;2950;170;2780
410690;1933105;978937;954168
410700;15101;1030;14071
410710;5087;408;4679
410712;3439;68;3371
410715;5253;175;5078
410720;40641;9643;30998
410725;8747;2814;5933
410730;5979;1802;4177
410740;5961;361;5600
410750;14000;2211;11789
410752;1698;30;1668
410753;4539;1026;3513
410754;4117;103;4014
410755;3089;346;2743
410760;17251;1401;15850
410765;100209;26464;73745
410770;4762;587;4175
410773;5646;49;5597
410775;7770;494;7276
410780;4929;1595;3334
410785;4624;112;4512
410790;6774;2457;4317
410800;10548;582;9966
410810;2689;514;2175
410820;6578;422;6156
410830;258532;71704;186828
410832;6046;483;5563
410840;91093;16539;74554
410845;4650;126;4524
410850;13710;766;12944
410855;2946;29;2917
410860;28884;3309;25575
410865;7111;247;6864
410870;5618;218;5400
410880;33119;3465;29654
410890;6581;453;6128
410895;8739;109;8630
410900;3802;221;3581
410910;2243;217;2026
410920;5502;509;4993
410930;12472;984;11488
410940;181504;28470;153034
410950;7636;156;7480
410960;37067;2951;34116
410965;5211;421;4790
410970;31364;1814;29550
410975;6352;239;6113
410980;54558;12038;42520
410990;7904;758;7146
411000;4404;925;3479
411005;2256;118;2138
411007;13111;669;12442
411010;32564;1269;31295
411020;11125;154;10971
411030;3109;301;2808
411040;4457;405;4052
411050;15172;898;14274
411060;13926;825;13101
411065;2288;77;2211
411070;60727;7251;53476
411080;10169;419;9750
411090;4466;282;4184
411095;11176;413;10763
411100;6582;582;6000
411110;6108;1766;4342
411120;11964;1346;10618
411125;28634;1870;26764
411130;2865;124;2741
411140;13879;416;13463
411150;31984;3619;28365
411155;8185;1946;6239
411160;3259;746;2513
411170;5274;111;5163
411180;39378;6141;33237
411190;13620;1496;12124
411200;34857;6805;28052
411210;21176;4116;17060
411220;5245;403;4842
411230;4994;108;4886
411240;9425;1091;8334
411250;11328;647;10681
411260;1331;84;1247
411270;12588;1488;11100
411275;8412;577;7835
411280;11908;1451;10457
411290;3292;112;3180
411295;7340;1257;6083
411300;7013;641;6372
411310;4100;178;3922
411320;48163;3641;44522
411325;5852;38;5814
411330;32073;2336;29737
411340;3954;221;3733
411342;3310;87;3223
411345;4676;259;4417
411350;23086;2719;20367
411360;4787;1363;3424
411370;569733;188207;381526
411373;7262;793;6469
411375;4794;209;4585
411380;4920;432;4488
411390;13630;2288;11342
411400;13132;2184;10948
411410;22819;7592;15227
411420;34400;10573;23827
411430;26869;1722;25147
411435;2571;100;2471
411440;16714;2173;14541
411450;13502;785;12717
411460;52944;22027;30917
411470;5677;181;5496
411480;35496;11793;23703
411490;8836;583;8253
411500;7076;210;6866
411510;10345;725;9620
411520;423666;178849;244817
411530;6610;1101;5509
411535;5603;1263;4340
411540;14367;925;13442
411545;4405;64;4341
411550;4679;410;4269
411560;17943;2762;15181
411570;34720;4530;30190
411573;3272;21;3251
411575;10601;1017;9584
411580;46198;12594;33604
411585;5536;1625;3911
411590;2213;89;2124
411600;1806;172;1634
411605;10702;842;9860
411610;12121;1138;10983
411620;16406;1497;14909
411630;3984;330;3654
411640;4008;192;3816
411650;1543;59;1484
411660;3445;106;3339
411670;10472;2374;8098
411680;5302;559;4743
411690;27904;7283;20621
411695;5046;303;4743
411700;8153;488;7665
411705;11554;133;11421
411710;13213;1823;11390
411720;5806;318;5488
411721;4249;206;4043
411722;8219;2415;5804
411725;10548;337;10211
411727;5649;155;5494
411729;2844;116;2728
411730;22141;1059;21082
411740;3428;969;2459
411745;5996;1499;4497
411750;41281;11298;29983
411760;50986;5316;45670
411770;33877;4139;29738
411780;13172;388;12784
411790;31846;7533;24313
411800;13830;1749;12081
411810;11472;2541;8931
411820;154936;46616;108320
411830;3203;115;3088
411840;88374;18643;69731
411845;5610;1147;4463
411850;82881;25759;57122
411860;5873;234;5639
411870;7354;176;7178
411880;13996;1997;11999
411885;6127;211;5916
411890;11234;474;10760
411900;6347;189;6158
411910;12746;1298;11448
411915;132157;43100;89057
411920;6326;139;6187
411925;2731;16;2715
411930;32391;1229;31162
411940;25463;2318;23145
411950;113036;17467;95569
411960;30310;2113;28197
411965;3224;164;3060
411970;4263;316;3947
411980;13479;392;13087
411990;351736;90600;261136
411995;27284;2282;25002
412000;12914;1953;10961
412010;4848;212;4636
412015;3237;43;3194
412020;2559;165;2394
412030;4065;73;3992
412033;3753;268;3485
412035;5157;197;4960
412040;5306;1031;4275
412050;11123;1558;9565
412060;52241;1802;50439
412065;4512;390;4122
412070;7449;555;6894
412080;23559;7374;16185
412085;4015;1667;2348
412090;34103;2613;31490
412100;12206;546;11660
412110;4573;600;3973
412120;19049;777;18272
412125;4451;231;4220
412130;3808;297;3511
412135;2655;292;2363
412140;16922;1488;15434
412150;14899;348;14551
412160;6802;412;6390
412170;26715;1213;25502
412175;8010;289;7721
412180;10668;1590;9078
412190;13029;1079;11950
412200;15236;401;14835
412210;3203;163;3040
412215;13269;106;13163
412217;4096;224;3872
412220;32397;4719;27678
412230;34170;3728;30442
412240;66580;13358;53222
412250;9849;671;9178
412260;9579;1784;7795
412265;4786;144;4642
412270;6827;399;6428
412280;3580;126;3454
412290;4935;43;4892
412300;14785;713;14072
412310;3324;253;3071
412320;3334;257;3077
412330;7800;590;7210
412340;12037;1989;10048
412350;26490;2510;23980
412360;1596;288;1308
412370;8562;667;7895
412380;14659;1414;13245
412382;3813;170;3643
412385;9615;184;9431
412390;11724;1022;10702
412395;3981;231;3750
412400;4992;106;4886
412402;10139;1337;8802
412405;23465;2907;20558
412410;45993;7393;38600
412420;2641;144;2497
412430;2106;97;2009
412440;20166;529;19637
412450;5438;717;4721
412460;6878;740;6138
412470;11170;365;10805
412480;10241;1588;8653
412490;5855;411;5444
412500;10219;960;9259
412510;15120;290;14830
412520;9050;651;8399
412530;5551;1762;3789
412535;5641;86;5555
412540;6206;106;6100
412545;3654;479;3175
412550;323340;109586;213754
412555;2160;102;2058
412560;46261;5772;40489
412570;27452;3562;23890
412575;5897;1115;4782
412580;10981;1512;9469
412590;2313;173;2140
412600;8853;697;8156
412610;5722;631;5091
412620;6736;315;6421
412625;96688;18297;78391
412627;5500;223;5277
412630;19327;1072;18255
412635;4495;494;4001
412640;5284;584;4700
412650;16369;4183;12186
412660;21016;1042;19974
412665;2981;67;2914
412667;14797;946;13851
412670;5120;303;4817
412680;16205;2856;13349
412690;5539;256;5283
412700;12367;326;12041
412710;78974;24180;54794
412720;17094;1542;15552
412730;16789;2963;13826
412740;17481;1373;16108
412750;20522;1512;19010
412760;16868;1000;15868
412770;140635;57421;83214
412780;7918;292;7626
412785;12040;609;11431
412788;8769;139;8630
412790;8566;504;8062
412795;8124;1461;6663
412796;13215;1215;12000
412800;21013;6278;14735
412810;111557;15287;96270
412820;57517;6315;51202
412830;2605;244;2361
412840;11314;1444;9870
412850;19414;1114;18300
412853;11892;348;11544
412855;8521;1044;7477
412860;7257;425;6832
412862;2741;83;2658
412863;5580;51;5529
412865;4023;83;3940
412870;6838;1178;5660
412880;5679;135;5544
420005;2563;335;2228
420010;17904;1835;16069
420020;10864;408;10456
420030;5448;348;5100
420040;7145;761;6384
420050;6486;387;6099
420055;2366;192;2174
420060;6469;329;6140
420070;10036;244;9792
420075;1937;292;1645
420080;5638;187;5451
420090;4801;201;4600
420100;7133;308;6825
420110;3232;84;3148
420120;8513;1241;7272
420125;10743;671;10072
420127;4267;635;3632
420130;38129;6690;31439
420140;68228;7296;60932
420150;8674;676;7998
420160;3550;525;3025
420165;2240;32;2208
420170;7934;763;7171
420180;3210;132;3078
420190;5679;259;5420
420195;13071;838;12233
420200;142295;35085;107210
420205;10795;1164;9631
420207;10979;635;10344
420208;2678;102;2576
420209;1677;166;1511
420210;29168;4103;25065
420213;6337;121;6216
420215;2706;138;2568
420220;11652;1960;9692
420230;68481;8812;59669
420240;357199;111694;245505
420243;3474;167;3307
420245;19769;1763;18006
420250;4743;200;4543
420253;3010;124;2886
420257;2142;45;2097
420260;9966;271;9695
420270;5246;350;4896
420280;33450;5166;28284
420285;3743;99;3644
420287;2420;59;2361
420290;134723;27102;107621
420300;78595;14020;64575
420310;6148;272;5876
420315;3346;68;3278
420320;82989;8838;74151
420325;2525;90;2435
420330;11978;818;11160
420340;7016;480;6536
420350;8526;496;8030
420360;36244;5721;30523
420370;12240;445;11795
420380;54401;6844;47557
420390;22848;7207;15641
420395;24871;5606;19265
420400;10861;1535;9326
420410;3642;296;3346
420415;2728;153;2575
420417;3124;63;3061
420419;2988;40;2948
420420;220367;45614;174753
420425;16684;5581;11103
420430;74641;29035;45606
420435;4453;359;4094
420440;9981;815;9166
420445;2549;53;2496
420450;15909;2086;13823
420455;12795;2437;10358
420460;215186;57726;157460
420470;11086;746;10340
420475;1962;30;1932
420480;39745;4854;34891
420490;8250;545;7705
420500;15498;809;14689
420510;4146;109;4037
420515;4064;175;3889
420517;3203;48;3155
420519;2063;139;1924
420520;4412;358;4054
420530;10667;1121;9546
420535;1582;109;1473
420540;500973;174798;326175
420543;2510;218;2292
420545;26793;4590;22203
420550;36443;4405;32038
420555;2023;37;1986
420560;2873;192;2681
420570;23078;2274;20804
420580;18145;2572;15573
420590;69639;16406;53233
420600;14471;1511;12960
420610;6569;544;6025
420620;11501;2083;9418
420630;23832;2696;21136
420640;10090;430;9660
420650;44819;7863;36956
420660;5160;312;4848
420665;4704;907;3797
420670;22606;3933;18673
420675;1957;75;1882
420680;3202;443;2759
420690;18950;1112;17838
420700;56421;9691;46730
420710;14184;1813;12371
420720;10135;279;9856
420730;44853;5696;39157
420740;6197;147;6050
420750;69425;15022;54403
420757;2945;342;2603
420760;4446;537;3909
420765;8996;358;8638
420768;7514;268;7246
420770;7593;1621;5972
420775;3976;152;3824
420780;10419;1885;8534
420785;1930;73;1857
420790;11222;519;10703
420800;6169;1390;4779
420810;21669;783;20886
420820;219536;59028;160508
420830;65312;10140;55172
420840;16872;2714;14158
420845;20576;3948;16628
420850;25086;1891;23195
420860;3936;458;3478
420870;10416;471;9945
420880;20024;3041;16983
420890;177697;47241;130456
420895;1570;108;1462
420900;30118;7271;22847
420910;590466;223975;366491
420915;4997;142;4855
420917;2101;116;1985
420920;2246;290;1956
420930;157544;26070;131474
420940;45814;9472;36342
420945;1427;51;1376
420950;6970;604;6366
420960;15244;1674;13570
420970;12107;476;11631
420980;3041;104;2937
420985;4563;580;3983
420990;12130;582;11548
421000;12859;2281;10578
421003;5685;1173;4512
421005;1775;103;1672
421010;56292;5518;50774
421020;3442;91;3351
421030;8103;180;7923
421040;7293;1004;6289
421050;25762;3237;22525
421055;1797;75;1722
421060;16916;3373;13543
421070;2520;51;2469
421080;7015;496;6519
421085;2309;49;2260
421090;4209;159;4050
421100;11742;525;11217
421105;9866;769;9097
421110;8275;226;8049
421120;17796;2799;14997
421125;2893;65;2828
421130;81475;17054;64421
421140;5019;272;4747
421145;4331;145;4186
421150;14549;961;13588
421160;15166;2244;12922
421165;2442;189;2253
421170;22912;2943;19969
421175;18744;4083;14661
421180;7295;1485;5810
421185;2217;143;2074
421187;1505;84;1421
421189;2359;42;2317
421190;171797;29512;142285
421200;7423;313;7110
421205;2627;252;2375
421210;16169;1458;14711
421220;19320;800;18520
421223;3437;94;3343
421225;8823;413;8410
421227;4147;161;3986
421230;7494;477;7017
421240;3976;493;3483
421250;32531;5253;27278
421260;2787;459;2328
421265;9761;4880;4881
421270;5937;303;5634
421280;23147;3009;20138
421290;20313;1753;18560
421300;3555;639;2916
421310;3854;1107;2747
421315;2870;141;2729
421320;33447;10139;23308
421330;4682;300;4382
421335;3414;193;3221
421340;11593;1410;10183
421350;21388;2353;19035
421360;35398;4054;31344
421370;17453;591;16862
421380;7319;564;6755
421390;1568;147;1421
421400;17471;837;16634
421410;2287;103;2184
421415;2924;44;2880
421420;9887;1089;8798
421430;2878;314;2564
421440;6205;1132;5073
421450;5940;161;5779
421460;7489;334;7155
421470;11676;1726;9950
421480;71061;12319;58742
421490;4611;318;4293
421500;42302;5206;37096
421505;2483;34;2449
421507;4598;112;4486
421510;11551;1442;10109
421520;4786;294;4492
421530;7642;132;7510
421535;3781;106;3675
421540;4718;1408;3310
421545;12678;709;11969
421550;16830;758;16072
421555;2223;65;2158
421560;2142;122;2020
421565;8358;445;7913
421567;8787;115;8672
421568;2428;78;2350
421569;1260;118;1142
421570;23245;2562;20683
421575;2336;79;2257
421580;84507;16255;68252
421590;2838;92;2746
421600;11281;765;10516
421605;5549;167;5382
421610;9445;697;8748
421620;52721;13326;39395
421625;6381;391;5990
421630;37424;1489;35935
421635;3733;415;3318
421640;7297;312;6985
421650;26952;1882;25070
421660;246586;63752;182834
421670;13829;589;13240
421680;8295;194;8101
421690;24076;7385;16691
421700;13410;1486;11924
421710;3180;357;2823
421715;1820;62;1758
421720;40482;6808;33674
421725;5823;423;5400
421730;9745;628;9117
421740;21365;4133;17232
421750;17541;3979;13562
421755;3263;100;3163
421760;14007;2235;11772
421770;30374;2113;28261
421775;2461;47;2414
421780;18395;888;17507
421790;8676;907;7769
421795;1633;101;1532
421800;38407;6560;31847
421810;5348;128;5220
421820;44238;8829;35409
421825;7877;497;7380
421830;19275;2525;16750
421835;3929;362;3567
421840;7081;568;6513
421850;7840;1261;6579
421860;7360;508;6852
421870;105686;31184;74502
421875;4543;177;4366
421880;12899;901;11998
421885;2464;127;2337
421890;11235;548;10687
421895;2465;235;2230
421900;21268;3572;17696
421910;3573;135;3438
421915;2477;104;2373
421917;4492;1277;3215
421920;6338;386;5952
421930;53065;18532;34533
421935;4979;71;4908
421940;3965;66;3899
421950;50982;5542;45440
421960;3933;89;3844
421970;28706;3017;25689
421985;3363;1197;2166
422000;12760;6380;6380
430003;4901;70;4831
430005;3748;113;3635
430010;16461;970;15491
430020;7024;1649;5375
430030;5950;402;5548
430040;73589;6415;67174
430045;3464;127;3337
430047;1964;39;1925
430050;6258;133;6125
430055;1638;268;1370
430057;3028;748;2280
430060;210305;39292;171013
430063;7031;53;6978
430064;7409;86;7323
430066;1333;139;1194
430070;5981;1218;4763
430080;13050;6423;6627
430085;3581;236;3345
430087;5698;357;5341
430090;6235;344;5891
430100;20805;5227;15578
430105;10065;526;9539
430107;2937;33;2904
430110;14151;2152;11999
430120;13373;488;12885
430130;18293;863;17430
430140;10424;865;9559
430150;6661;1909;4752
430155;3554;190;3364
430160;121143;9118;112025
430163;14068;964;13104
430165;6171;1159;5012
430170;6623;561;6062
430175;7487;88;7399
430180;5275;193;5082
430185;3248;179;3069
430187;4215;24;4191
430190;13491;1973;11518
430192;1690;42;1648
430195;2539;76;2463
430200;11199;239;10960
430205;1994;41;1953
430210;120454;47742;72712
430215;2098;73;2025
430220;6712;408;6304
430222;2470;195;2275
430223;2603;56;2547
430225;2783;468;2315
430230;11349;1041;10308
430235;14055;2056;11999
430237;1942;101;1841
430240;12328;2635;9693
430245;7714;720;6994
430250;6279;125;6154
430258;2123;473;1650
430260;3353;247;3106
430265;5074;683;4391
430270;20941;2710;18231
430280;33624;4507;29117
430290;12561;449;12112
430300;82201;6416;75785
430310;130293;39732;90561
430320;5065;134;4931
430330;4846;476;4370
430340;4743;171;4572
430350;66261;7928;58333
430355;2733;198;2535
430360;6431;1099;5332
430367;3388;751;2637
430370;5474;171;5303
430380;5454;420;5034
430390;66712;16267;50445
430400;4484;631;3853
430410;3320;329;2991
430420;31365;2091;29274
430430;6198;608;5590
430435;9584;1004;8580
430440;44998;12072;32926
430450;56045;937;55108
430460;346616;107826;238790
430461;1716;91;1625
430462;1654;34;1620
430463;53049;5078;47971
430465;3651;67;3584
430466;25354;1574;23780
430467;4660;298;4362
430468;11940;1374;10566
430469;2757;109;2648
430470;62110;8340;53770
430471;8270;106;8164
430480;29833;11210;18623
430485;1377;75;1302
430490;9031;1198;7833
430495;3202;80;3122
430500;8774;1741;7033
430510;510906;239991;270915
430511;2891;132;2759
430512;6091;90;6001
430513;4691;80;4611
430515;2311;33;2278
430517;12239;164;12075
430520;14133;1521;12612
430530;9269;315;8954
430535;40789;7795;32994
430537;3279;38;3241
430540;3756;341;3415
430543;6704;135;6569
430544;5441;72;5369
430545;16254;1068;15186
430550;4747;119;4628
430558;2438;520;1918
430560;3175;430;2745
430570;6753;1077;5676
430580;9911;430;9481
430583;1501;37;1464
430585;2306;53;2253
430587;2519;436;2083
430590;7325;481;6844
430593;1628;145;1483
430595;3853;1058;2795
430597;2756;109;2647
430600;13448;803;12645
430605;8009;235;7774
430607;2847;24;2823
430610;60299;6571;53728
430613;1833;47;1786
430620;12348;3415;8933
430630;4740;147;4593
430632;2805;127;2678
430635;2427;211;2216
430637;3014;34;2980
430640;32671;6821;25850
430642;2026;54;1972
430645;3400;391;3009
430650;15414;194;15220
430655;2534;57;2477
430660;38461;1830;36631
430670;3041;113;2928
430673;4549;378;4171
430675;1983;227;1756
430676;41285;7874;33411
430680;22706;6914;15792
430690;25877;1022;24855
430692;1034;25;1009
430693;8475;1333;7142
430695;2792;169;2623
430697;2991;150;2841
430700;105862;25236;80626
430705;3168;168;3000
430710;6821;115;6706
430720;4859;156;4703
430730;6912;203;6709
430740;3282;193;3089
430745;2926;115;2811
430750;15588;3335;12253
430755;5958;895;5063
430760;50022;11757;38265
430770;83202;25928;57274
430780;34116;10366;23750
430781;3655;380;3275
430783;2396;351;2045
430786;2731;356;2375
430790;72331;31509;40822
430800;6677;772;5905
430805;2315;57;2258
430807;4533;509;4024
430810;13547;3489;10058
430820;30745;18085;12660
430825;1766;46;1720
430830;10304;410;9894
430840;6664;171;6493
430843;2412;224;2188
430845;4320;320;4000
430850;31313;3582;27731
430860;35070;14820;20250
430865;2924;52;2872
430870;5534;970;4564
430880;8385;668;7717
430885;1634;68;1566
430890;16212;2124;14088
430900;16004;1645;14359
430905;8098;1229;6869
430910;36232;13332;22900
430912;2082;49;2033
430915;4325;299;4026
430920;281519;82150;199369
430925;1503;200;1303
430930;98143;26904;71239
430940;25727;8624;17103
430950;7537;407;7130
430955;4866;1206;3660
430957;3018;198;2820
430960;19329;5494;13835
430965;6776;86;6690
430970;4762;287;4475
430975;4406;83;4323
430980;4709;128;4581
430990;7262;350;6912
430995;4013;191;3822
431000;20350;3661;16689
431010;36899;4691;32208
431020;83475;20967;62508
431030;4078;787;3291
431033;22800;2079;20721
431036;3120;1129;1991
431040;6167;423;5744
431041;2226;44;2182
431043;6640;2345;4295
431046;1889;98;1791
431050;7241;198;7043
431053;5499;363;5136
431055;3465;322;3143
431057;2094;63;2031
431060;37620;3090;34530
431065;2419;36;2383
431070;3324;111;3213
431075;1910;53;1857
431080;24293;5582;18711
431085;3810;91;3719
431087;2692;111;2581
431090;3561;597;2964
431100;26680;1238;25442
431110;10848;576;10272
431112;3716;316;3400
431113;3503;50;3453
431115;8560;632;7928
431120;19293;1179;18114
431123;2903;19;2884
431125;6452;40;6412
431127;1609;123;1486
431130;27807;2836;24971
431140;84014;32723;51291
431142;2564;23;2541
431150;7480;255;7225
431160;5219;53;5166
431162;6054;301;5753
431164;1714;88;1626
431170;5445;242;5203
431171;4587;33;4554
431173;2981;16;2965
431175;7299;124;7175
431177;6714;172;6542
431179;2691;324;2367
431180;44161;12877;31284
431190;4402;474;3928
431198;3885;123;3762
431200;2031;87;1944
431205;4009;412;3597
431210;4823;89;4734
431213;2540;116;2424
431215;4515;455;4060
431217;1648;44;1604
431220;4377;237;4140
431225;8075;810;7265
431230;4925;192;4733
431235;1453;93;1360
431237;3226;31;3195
431238;2548;819;1729
431240;65264;25268;39996
431242;3085;115;2970
431244;2949;49;2900
431245;6568;244;6324
431247;6407;915;5492
431250;12804;412;12392
431260;4954;1169;3785
431261;3162;110;3052
431262;1893;52;1841
431265;17624;2394;15230
431267;1682;71;1611
431270;11695;708;10987
431275;3625;111;3514
431280;4759;803;3956
431290;9916;2050;7866
431295;1775;36;1739
431300;3330;285;3045
431301;2698;66;2632
431303;5352;85;5267
431306;21615;896;20719
431308;2553;1342;1211
431310;6512;332;6180
431320;21353;6940;14413
431330;27257;8128;19129
431333;2242;321;1921
431335;3689;1302;2387
431337;29300;5467;23833
431339;4196;69;4127
431340;246748;73342;173406
431342;3323;301;3022
431344;2211;38;2173
431346;1719;31;1688
431349;4164;93;4071
431350;45994;5682;40312
431360;3828;132;3696
431365;11318;726;10592
431370;33303;2428;30875
431380;7057;542;6515
431390;43667;12894;30773
431395;9174;661;8513
431400;7657;1529;6128
431402;7611;103;7508
431403;3837;516;3321
431405;58272;5213;53059
431406;5702;88;5614
431407;6535;549;5986
431410;203275;42487;160788
431413;2293;99;2194
431415;8487;473;8014
431417;1982;21;1961
431420;7730;328;7402
431430;3874;626;3248
431440;342405;55559;286846
431442;5742;980;4762
431445;2579;74;2505
431446;1941;38;1903
431447;4350;79;4271
431449;4871;360;4511
431450;12271;725;11546
431454;2968;1484;1484
431455;2304;304;2000
431460;20663;399;20264
431470;10084;248;9836
431475;2098;331;1767
431477;3904;103;3801
431478;1547;42;1505
431480;37079;6999;30080
431490;1483771;617127;866644
431500;4678;143;4535
431505;2374;219;2155
431507;1360;14;1346
431510;10246;243;10003
431513;1639;57;1582
431514;2901;216;2685
431515;6244;519;5725
431517;1947;179;1768
431520;3919;347;3572
431530;22687;765;21922
431531;1849;52;1797
431532;2788;29;2759
431535;3796;421;3375
431540;11549;352;11197
431545;2090;172;1918
431550;15789;1491;14298
431555;2752;87;2665
431560;211005;55130;155875
431570;38275;3405;34870
431575;4653;88;4565
431580;11393;3253;8140
431590;5867;180;5687
431595;2323;11;2312
431600;21349;1143;20206
431610;10601;299;10302
431620;5130;151;4979
431630;6847;616;6231
431640;39422;1739;37683
431642;2609;21;2588
431643;2650;283;2367
431645;12449;1238;11211
431647;2733;339;2394
431650;7799;1604;6195
431660;16270;1144;15126
431670;7994;905;7089
431673;1639;33;1606
431675;6603;852;5751
431680;130416;37258;93158
431690;282123;54909;227214
431695;6331;522;5809
431697;2562;12;2550
431700;8098;90;8008
431710;77027;7550;69477
431720;73254;12145;61109
431725;1729;264;1465
431730;29676;1481;28195
431740;49425;3929;45496
431750;77593;12467;65126
431755;2128;92;2036
431760;42894;3278;39616
431770;10175;251;9924
431775;2019;76;1943
431780;13885;1428;12457
431790;14257;918;13339
431795;2324;47;2277
431800;60282;3269;57013
431805;3074;153;2921
431810;18335;710;17625
431820;21710;1717;19993
431830;62105;2514;59591
431840;24248;3622;20626
431842;4657;100;4557
431843;2552;354;2198
431844;2824;92;2732
431845;2537;26;2511
431846;1971;38;1933
431848;4804;282;4522
431849;2073;359;1714
431850;27568;2099;25469
431860;6933;389;6544
431861;2408;394;2014
431862;3527;138;3389
431870;236835;76025;160810
431880;43582;4722;38860
431890;33468;2304;31164
431900;21556;11211;10345
431910;5426;360;5066
431912;3234;59;3175
431915;7673;368;7305
431920;5265;101;5164
431930;5790;187;5603
431935;3801;624;3177
431936;2009;12;1997
431937;2947;141;2806
431940;16198;865;15333
431950;25685;3678;22007
431960;23621;1132;22489
431970;3299;195;3104
431971;2242;156;2086
431973;2727;26;2701
431975;2243;348;1895
431980;8721;549;8172
431990;81734;11498;70236
432000;141075;39768;101307
432010;24489;1763;22726
432020;10750;471;10279
432023;2907;149;2758
432026;7421;340;7081
432030;5100;637;4463
432032;2779;83;2696
432035;5581;74;5507
432040;17502;4571;12931
432045;1962;63;1899
432050;5415;414;5001
432055;6486;214;6272
432057;1970;233;1737
432060;3657;210;3447
432065;2384;241;2143
432067;10172;577;9595
432070;14967;1057;13910
432080;31002;2243;28759
432085;4719;415;4304
432090;24111;1638;22473
432100;10584;1222;9362
432110;17300;1239;16061
432120;57466;9314;48152
432130;26862;5575;21287
432132;3072;69;3003
432135;5481;116;5365
432140;13485;2040;11445
432143;11204;345;10859
432145;33232;9372;23860
432146;3030;145;2885
432147;5704;183;5521
432149;2806;43;2763
432150;38732;4115;34617
432160;51715;4338;47377
432162;2336;94;2242
432163;2668;143;2525
432166;11053;494;10559
432170;28220;2882;25338
432180;23906;3851;20055
432183;2697;15;2682
432185;4271;87;4184
432190;23906;4260;19646
432195;5802;334;5468
432200;29538;5264;24274
432210;5678;621;5057
432215;4569;39;4530
432218;1472;38;1434
432220;23948;2140;21808
432225;4855;881;3974
432230;7893;908;6985
432232;3438;90;3348
432234;2015;16;1999
432235;1154;89;1065
432237;2338;23;2315
432240;126970;12532;114438
432250;66218;9292;56926
432252;3497;139;3358
432253;11781;928;10853
432254;5913;2448;3465
432255;2113;55;2058
432260;71554;13275;58279
432270;26863;4435;22428
432280;26241;9262;16979
432285;1815;170;1645
432290;4756;299;4457
432300;255224;49187;206037
432310;4670;39;4631
432320;2882;158;2724
432330;3385;1053;2332
432335;2091;34;2057
432340;4358;252;4106
432345;4280;52;4228
432350;2752;106;2646
432360;1561;71;1490
432370;2851;108;2743
432375;3133;360;2773
432377;3014;779;2235
432380;16408;1365;15043
500020;15522;3651;11871
500025;5343;570;4773
500060;39396;4031;35365
500070;25135;2063;23072
500080;9035;989;8046
500085;10780;4105;6675
500090;8956;564;8392
500100;25745;5614;20131
500110;47871;5845;42026
500124;12149;841;11308
500150;6788;741;6047
500190;23024;3192;19832
500200;11329;1424;9905
500210;24629;1748;22881
500215;7875;743;7132
500220;21976;2159;19817
500230;11872;2193;9679
500240;30174;6059;24115
500260;13711;2711;11000
500270;895982;244202;651780
500280;6116;256;5860
500290;21939;3719;18220
500295;25218;7485;17733
500310;5947;365;5582
500315;15253;610;14643
500320;111435;17885;93550
500325;20823;6662;14161
500330;33543;5979;27564
500345;12924;3691;9233
500348;11385;531;10854
500350;5924;880;5044
500370;222949;72185;150764
500375;12353;1106;11247
500380;19189;4257;14932
500390;3051;151;2900
500400;9965;2412;7553
500410;9895;870;9025
500430;16078;972;15106
500440;7610;1286;6324
500450;24839;3492;21347
500460;21142;1973;19169
500470;23187;8018;15169
500480;9110;155;8955
500490;7187;794;6393
500500;26097;3595;22502
500510;4027;1084;2943
500515;6712;620;6092
500520;23331;3136;20195
500525;7341;1461;5880
500540;47083;5415;41668
500560;28013;2330;25683
500568;18366;2018;16348
500570;54878;11078;43800
500580;13930;772;13158
500600;21882;4629;17253
500620;54374;9490;44884
500625;3814;959;2855
500627;5273;2636;2637
500630;42148;8662;33486
500635;14228;285;13943
500640;7674;1091;6583
500660;92526;9364;83162
500690;17131;585;16546
500710;24615;3384;21231
500720;37514;8899;28615
500730;4831;732;4099
500740;19746;3424;16322
500750;5499;350;5149
500755;7851;698;7153
500769;26771;5788;20983
500770;10791;1234;9557
500780;6529;1547;4982
500790;57665;6501;51164
500793;19274;4564;14710
500795;11552;347;11205
500797;3588;1175;2413
500800;21806;2479;19327
500830;121388;38187;83201
500840;6102;1248;4854
510010;5399;683;4716
510020;25721;2525;23196
510025;51782;3912;47870
510030;19044;2183;16861
510035;6822;118;6704
510040;12030;1377;10653
510050;11356;278;11078
510060;10847;3274;7573
510080;10133;108;10025
510100;3100;51;3049
510120;935;12;923
510125;16822;1729;15093
510130;9607;1457;8150
510140;22354;563;21791
510160;8564;146;8418
510170;34966;4803;30163
510180;61012;10502;50510
510185;6580;66;6514
510190;19695;643;19052
510250;94376;11798;82578
510260;15980;487;15493
510263;35360;8778;26582
510267;44041;6594;37447
510268;6891;3150;3741
510269;4743;30;4713
510270;21579;1680;19899
510279;10305;119;10186
510285;8729;107;8622
510300;19752;1554;18198
510305;12149;700;11449
510310;5700;159;5541
510320;33438;2024;31414
510325;38582;185;38397
510330;20763;929;19834
510335;30933;795;30138
510336;4038;115;3923
510337;19750;113;19637
510340;612547;230545;382002
510343;5219;116;5103
510345;9462;1920;7542
510350;22041;3224;18817
510360;8178;507;7671
510370;14192;616;13576
510380;3494;58;3436
510385;7648;271;7377
510390;5540;145;5395
510395;3026;58;2968
510410;35816;1040;34776
510420;15141;391;14750
510450;2752;50;2702
510452;7667;782;6885
510454;6737;259;6478
510455;3802;52;3750
510460;13345;723;12622
510480;27776;5460;22316
510490;8409;258;8151
510500;8793;548;8245
510510;34974;1970;33004
510515;40997;1962;39035
510517;15865;210;15655
510520;11221;926;10295
510523;6121;364;5757
510525;65534;20402;45132
510530;2077;48;2029
510550;16128;611;15517
510558;10499;392;10107
510560;16566;836;15730
510562;27739;3243;24496
510590;15336;1325;14011
510600;5989;831;5158
510610;13216;312;12904
510615;15288;120;15168
510617;3849;25;3824
510618;6640;116;6524
510619;3718;107;3611
510620;3829;161;3668
510621;12787;205;12582
510622;45378;12355;33023
510623;20301;4124;16177
510624;11982;923;11059
510625;21374;2856;18518
510626;9178;78;9100
510627;4004;41;3963
510628;5074;318;4756
510629;11225;289;10936
510630;22563;1401;21162
510631;2640;14;2626
510637;17626;1684;15942
510642;34976;687;34289
510645;2662;66;2596
510650;32843;2122;30721
510665;6711;428;6283
510670;1576;58;1518
510675;45436;4278;41158
510677;12517;351;12166
510680;5410;306;5104
510682;12017;204;11813
510685;2963;159;2804
510700;16219;782;15437
510704;62019;16350;45669
510706;17479;1964;15515
510710;18906;868;18038
510715;2732;33;2699
510718;10206;283;9923
510719;2405;150;2255
510720;5156;173;4983
510724;4525;431;4094
510726;3146;146;3000
510729;4063;47;4016
510730;20664;966;19698
510735;5595;109;5486
510740;4727;311;4416
510757;4001;17;3984
510760;232491;45552;186939
510770;17151;785;16366
510774;2564;42;2522
510775;3365;23;3342
510776;3429;477;2952
510777;8371;51;8320
510779;5174;133;5041
510780;16628;1062;15566
510785;11708;538;11170
510787;25881;6881;19000
510788;1650;5;1645
510790;142996;32718;110278
510792;90313;16682;73631
510794;9489;775;8714
510795;103750;19501;84249
510800;13705;1293;12412
510805;9667;523;9144
510810;3805;104;3701
510820;3609;566;3043
510830;3525;103;3422
510835;3127;33;3094
510840;284971;48247;236724
510850;11309;752;10557
510860;26037;646;25391
510880;4519;97;4422
510885;3278;667;2611
510890;8641;283;8358
510895;9178;155;9023
520005;8773;1057;7716
520010;20042;436;19606
520013;22366;3362;19004
520015;2516;56;2460
520017;5735;249;5486
520020;1850;109;1741
520025;212440;8730;203710
520030;27653;1581;26072
520050;1995;131;1864
520055;6414;1659;4755
520060;7624;338;7286
520080;8660;251;8409
520082;3812;18;3794
520085;6111;171;5940
520090;3126;54;3072
520110;386923;75846;311077
520120;1149;105;1044
520130;21850;1421;20429
520140;578179;94205;483974
520145;2474;70;2404
520150;4198;130;4068
520160;3522;118;3404
520170;20118;874;19244
520180;10308;530;9778
520215;7770;173;7597
520235;2612;112;2500
520250;9875;264;9611
520260;3120;119;3001
520280;2417;69;2348
520310;5138;46;5092
520320;11167;3148;8019
520330;29975;2878;27097
520340;8841;352;8489
520350;25216;6147;19069
520355;9706;605;9101
520357;4405;9;4396
520360;3703;175;3528
520380;5779;165;5614
520390;9459;1596;7863
520393;2488;71;2417
520396;3292;99;3193
520400;7993;117;7876
520410;12484;1389;11095
520420;1351;16;1335
520425;8067;3501;4566
520430;16009;2866;13143
520440;18913;588;18325
520450;91162;9442;81720
520455;3804;222;3582
520460;3630;96;3534
520465;3640;45;3595
520470;12626;1308;11318
520480;7589;1875;5714
520485;7789;95;7694
520490;19887;1442;18445
520495;2141;53;2088
520500;10082;503;9579
520505;3435;210;3225
520510;108823;31596;77227
520520;5070;241;4829
520530;9709;122;9587
520540;22191;2280;19911
520545;8606;781;7825
520547;10167;3649;6518
520549;71376;5728;65648
520551;20240;569;19671
520552;3382;80;3302
520570;2327;82;2245
520580;11110;232;10878
520590;9723;1241;8482
520620;58997;2636;56361
520630;2966;121;2845
520640;16949;4174;12775
520650;3486;193;3293
520660;2854;326;2528
520670;3311;35;3276
520680;2938;96;2842
520690;2094;14;2080
520710;2484;32;2452
520725;7322;257;7065
520735;3699;205;3494
520740;12372;1684;10688
520750;3275;76;3199
520753;6627;73;6554
520760;5637;256;5381
520780;13292;603;12689
520790;16557;57;16500
520800;121617;8944;112673
520810;4248;96;4152
520815;3818;50;3768
520830;4804;179;4625
520840;11231;773;10458
520850;5600;905;4695
520860;70084;5638;64446
520870;1516113;513787;1002326
520880;44289;4501;39788
520890;22645;2270;20375
520910;34095;5983;28112
520915;5898;95;5803
520920;14209;1049;13160
520929;1996;29;1967
520940;3893;82;3811
520945;1794;116;1678
520960;3724;38;3686
520970;21706;1854;19852
520980;3564;144;3420
520990;13947;193;13754
520993;6194;281;5913
520995;15611;575;15036
521000;52866;4118;48748
521010;26985;2683;24302
521015;2893;25;2868
521020;31531;2145;29386
521030;2800;44;2756
521040;42900;1253;41647
521056;4676;54;4622
521060;5237;142;5095
521080;4539;217;4322
521090;22981;1707;21274
521100;4997;382;4615
521120;25768;748;25020
521130;7178;156;7022
521140;8938;243;8695
521150;104742;22728;82014
521160;2370;51;2319
521170;6048;347;5701
521180;50511;1077;49434
521190;100882;17580;83302
521200;2879;48;2831
521205;2490;21;2469
521210;7387;581;6806
521220;18478;1077;17401
521225;1588;108;1480
521230;7647;321;7326
521250;208299;17104;191195
521260;2368;91;2277
521270;8882;129;8753
521280;9503;381;9122
521290;2236;352;1884
521295;4351;66;4285
521300;14080;1852;12228
521305;2597;45;2552
521308;29070;2625;26445
521310;66801;17191;49610
521340;1529;18;1511
521350;8606;64;8542
521370;8055;224;7831
521375;13396;1433;11963
521377;4479;43;4436
521380;46136;7687;38449
521385;2248;37;2211
521390;4290;107;4183
521400;15659;1724;13935
521405;4887;65;4822
521410;3778;58;3720
521440;9142;1044;8098
521450;29850;3672;26178
521460;46388;3838;42550
521470;2352;41;2311
521480;2210;133;2077
521483;12869;224;12645
521486;8164;112;8052
521487;2929;385;2544
521490;3264;24;3240
521500;9853;836;9017
521520;2913;101;2812
521523;115711;5627;110084
521525;4495;48;4447
521530;15615;1386;14229
521540;3759;90;3669
521550;6667;1506;5161
521560;33835;643;33192
521565;3464;56;3408
521570;28858;3350;25508
521580;2381;182;2199
521590;3585;329;3256
521600;2615;246;2369
521630;10057;431;9626
521640;10988;846;10142
521645;3129;1533;1596
521680;10281;352;9929
521690;2253;246;2007
521710;24524;1560;22964
521720;10385;735;9650
521730;24908;878;24030
521740;31458;5025;26433
521760;89918;4318;85600
521770;17819;934;16885
521800;45394;1893;43501
521805;3881;539;3342
521810;4011;346;3665
521830;36900;1973;34927
521839;3223;119;3104
521850;50065;15393;34672
521860;10918;604;10314
521870;4801;150;4651
521878;4493;1054;3439
521880;235647;64805;170842
521890;19882;873;19009
521900;7637;377;7260
521910;6560;215;6345
521920;2855;60;2795
521925;5459;101;5358
521930;38648;6097;32551
521935;3809;153;3656
521940;8756;1111;7645
521945;3343;32;3311
521950;2319;65;2254
521960;3355;78;3277
521970;8744;258;8486
521971;4821;697;4124
521973;6283;800;5483
521975;74744;3390;71354
521980;12949;329;12620
521990;6264;92;6172
522000;13740;268;13472
522005;1381;38;1343
522010;33817;3035;30782
522015;5167;61;5106
522020;21993;611;21382
522026;4057;89;3968
522028;2036;21;2015
522040;20645;1877;18768
522045;115371;14226;101145
522050;8544;737;7807
522060;20695;1302;19393
522068;6856;95;6761
522070;2989;30;2959
522100;3529;69;3460
522108;3458;30;3428
522119;8043;344;7699
522130;2833;264;2569
522140;127599;13334;114265
522145;3500;28;3472
522150;4598;143;4455
522155;5281;909;4372
522157;2854;21;2833
522160;40532;2824;37708
522170;13843;188;13655
522180;3072;316;2756
522185;168468;19997;148471
522190;3827;167;3660
522200;13863;840;13023
522205;8743;549;8194
522220;6171;46;6125
522230;5821;104;5717
530010;3015268;882302;2132966
